0 0 0 -1.96323e-06 -1.62702e-06 -1.95019e-06 -4.09782e-07
0 0 1 -1.96323e-06 -1.62702e-06 -1.95019e-06 -4.09782e-07
0 0 2 -1.96323e-06 -1.62702e-06 -1.95019e-06 -4.09782e-07
0 0 3 -1.96323e-06 -1.62702e-06 -1.95019e-06 -4.09782e-07
0 0 4 -1.96323e-06 -1.62702e-06 -1.95019e-06 -4.09782e-07
0 0 5 -1.96323e-06 -1.62702e-06 -1.95019e-06 -4.09782e-07
0 0 6 -1.96323e-06 -1.62702e-06 -1.95019e-06 -4.09782e-07
0 0 7 -1.96323e-06 -1.62702e-06 -1.95019e-06 -4.09782e-07
0 0 8 -1.96323e-06 -1.62702e-06 -1.95019e-06 -4.09782e-07
0 0 9 -1.96323e-06 -1.62702e-06 -1.95019e-06 -4.09782e-07
0 0 10 -1.96323e-06 -1.62702e-06 -1.95019e-06 -4.09782e-07
0 0 11 -1.96323e-06 -1.62702e-06 -1.95019e-06 -4.09782e-07
0 0 12 -1.96323e-06 -1.62702e-06 -1.95019e-06 -4.09782e-07
0 0 13 -1.96323e-06 -1.62702e-06 -1.95019e-06 -4.09782e-07
0 0 14 -1.96323e-06 -1.62702e-06 -1.95019e-06 -4.09782e-07
0 0 15 -1.96323e-06 -1.62702e-06 -1.95019e-06 -4.09782e-07
0 0 16 -1.96323e-06 -1.62702e-06 -1.95019e-06 -4.09782e-07
0 0 17 -1.96323e-06 -1.62702e-06 -1.95019e-06 -4.09782e-07
0 0 18 -1.96323e-06 -1.62702e-06 -1.95019e-06 -4.09782e-07
0 0 19 -1.96323e-06 -1.62702e-06 -1.95019e-06 -4.09782e-07
0 0 20 -1.96323e-06 -1.62702e-06 -1.95019e-06 -4.09782e-07
0 0 21 -1.96323e-06 -1.62702e-06 -1.95019e-06 -4.09782e-07
0 0 22 -1.96323e-06 -1.62702e-06 -1.95019e-06 -4.09782e-07
0 0 23 -1.96323e-06 -1.62702e-06 -1.95019e-06 -4.09782e-07
0 0 24 -1.96323e-06 -1.62702e-06 -1.95019e-06 -4.09782e-07
0 0 25 -1.96323e-06 -1.62702e-06 -1.95019e-06 -4.09782e-07
0 0 26 -1.96323e-06 -1.62702e-06 -1.95019e-06 -4.09782e-07
0 0 27 -1.96323e-06 -1.62702e-06 -1.95019e-06 -4.09782e-07
0 0 28 -1.96323e-06 -1.62702e-06 -1.95019e-06 -4.09782e-07
0 0 29 -1.96323e-06 -1.62702e-06 -1.95019e-06 -4.09782e-07
0 0 30 -1.96323e-06 -1.62702e-06 -1.95019e-06 -4.09782e-07
0 0 31 -1.96323e-06 -1.62702e-06 -1.95019e-06 -4.09782e-07
0 0 32 -1.96323e-06 -1.62702e-06 -1.95019e-06 -4.09782e-07
0 0 33 -1.96323e-06 -1.62702e-06 -1.95019e-06 -4.09782e-07
0 0 34 -1.96323e-06 -1.62702e-06 -1.95019e-06 -4.09782e-07
0 0 35 -1.96323e-06 -1.62702e-06 -1.95019e-06 -4.09782e-07
0 0 36 -1.96323e-06 -1.62702e-06 -1.95019e-06 -4.09782e-07
0 0 37 -1.96323e-06 -1.62702e-06 -1.95019e-06 -4.09782e-07
0 0 38 -1.96323e-06 -1.62702e-06 -1.95019e-06 -4.09782e-07
0 0 39 -1.96323e-06 -1.62702e-06 -1.95019e-06 -4.09782e-07
0 0 40 -1.96323e-06 -1.62702e-06 -1.95019e-06 -4.09782e-07
0 0 41 -1.96323e-06 -1.62702e-06 -1.95019e-06 -4.09782e-07
0 0 42 -1.96323e-06 -1.62702e-06 -1.95019e-06 -4.09782e-07
0 0 43 -1.96323e-06 -1.62702e-06 -1.95019e-06 -4.09782e-07
0 0 44 -1.96323e-06 -1.62702e-06 -1.95019e-06 -4.09782e-07
0 0 45 -1.96323e-06 -1.62702e-06 -1.95019e-06 -4.09782e-07
0 0 46 -1.96323e-06 -1.62702e-06 -1.95019e-06 -4.09782e-07
0 0 47 -1.96323e-06 -1.62702e-06 -1.95019e-06 -4.09782e-07
0 0 48 -1.96323e-06 -1.62702e-06 -1.95019e-06 -4.09782e-07
0 0 49 -1.96323e-06 -1.62702e-06 -1.95019e-06 -4.09782e-07
0 0 50 -1.96323e-06 -1.62702e-06 -1.95019e-06 -4.09782e-07
0 0 51 -1.96323e-06 -1.62702e-06 -1.95019e-06 -4.09782e-07
0 0 52 -1.96323e-06 -1.62702e-06 -1.95019e-06 -4.09782e-07
0 0 53 -1.96323e-06 -1.62702e-06 -1.95019e-06 -4.09782e-07
0 0 54 -1.96323e-06 -1.62702e-06 -1.95019e-06 -4.09782e-07
0 0 55 -1.96323e-06 -1.62702e-06 -1.95019e-06 -4.09782e-07
0 0 56 -1.96323e-06 -1.62702e-06 -1.95019e-06 -4.09782e-07
0 0 57 -1.96323e-06 -1.62702e-06 -1.95019e-06 -4.09782e-07
0 0 58 -1.96323e-06 -1.62702e-06 -1.95019e-06 -4.09782e-07
0 0 59 -1.96323e-06 -1.62702e-06 -1.95019e-06 -4.09782e-07
0 0 60 -1.96323e-06 -1.62702e-06 -1.95019e-06 -4.09782e-07
0 0 61 -1.96323e-06 -1.62702e-06 -1.95019e-06 -4.09782e-07
0 0 62 -1.96323e-06 -1.62702e-06 -1.95019e-06 -4.09782e-07
0 0 63 -1.96323e-06 -1.62702e-06 -1.95019e-06 -4.09782e-07
0 0 64 -1.96323e-06 -1.62702e-06 -1.95019e-06 -4.09782e-07
0 0 65 -1.96323e-06 -1.62702e-06 -1.95019e-06 -4.09782e-07
0 0 66 -1.96323e-06 -1.62702e-06 -1.95019e-06 -4.09782e-07
0 0 67 -1.96323e-06 -1.62702e-06 -1.95019e-06 -4.09782e-07
0 0 68 -1.96323e-06 -1.62702e-06 -1.95019e-06 -4.09782e-07
0 0 69 -1.96323e-06 -1.62702e-06 -1.95019e-06 -4.09782e-07
0 0 70 -1.96323e-06 -1.62702e-06 -1.95019e-06 -4.09782e-07
0 0 71 -1.96323e-06 -1.62702e-06 -1.95019e-06 -4.09782e-07
0 0 72 -1.96323e-06 -1.62702e-06 -1.95019e-06 -4.09782e-07
0 0 73 -1.96323e-06 -1.62702e-06 -1.95019e-06 -4.09782e-07
0 0 74 -1.96323e-06 -1.62702e-06 -1.95019e-06 -4.09782e-07
0 0 75 -1.96323e-06 -1.62702e-06 -1.95019e-06 -4.09782e-07
0 0 76 -1.96323e-06 -1.62702e-06 -1.95019e-06 -4.09782e-07
0 0 77 -1.96323e-06 -1.62702e-06 -1.95019e-06 -4.09782e-07
0 0 78 -1.96323e-06 -1.62702e-06 -1.95019e-06 -4.09782e-07
0 0 79 -1.96323e-06 -1.62702e-06 -1.95019e-06 -4.09782e-07
0 0 80 -1.96323e-06 -1.62702e-06 -1.95019e-06 -4.09782e-07
0 0 81 -1.96323e-06 -1.62702e-06 -1.95019e-06 -4.09782e-07
0 0 82 -1.96323e-06 -1.62702e-06 -1.95019e-06 -4.09782e-07
0 0 83 -1.96323e-06 -1.62702e-06 -1.95019e-06 -4.09782e-07
0 0 84 -1.96323e-06 -1.62702e-06 -1.95019e-06 -4.09782e-07
0 0 85 -1.96323e-06 -1.62702e-06 -1.95019e-06 -4.09782e-07
0 0 86 -1.96323e-06 -1.62702e-06 -1.95019e-06 -4.09782e-07
0 0 87 -1.96323e-06 -1.62702e-06 -1.95019e-06 -4.09782e-07
0 0 88 -1.96323e-06 -1.62702e-06 -1.95019e-06 -4.09782e-07
0 0 89 -1.96323e-06 -1.62702e-06 -1.95019e-06 -4.09782e-07
0 0 90 -1.96323e-06 -1.62702e-06 -1.95019e-06 -4.09782e-07
0 0 91 -1.96323e-06 -1.62702e-06 -1.95019e-06 -4.09782e-07
0 0 92 -1.96323e-06 -1.62702e-06 -1.95019e-06 -4.09782e-07
0 0 93 -1.96323e-06 -1.62702e-06 -1.95019e-06 -4.09782e-07
0 0 94 -1.96323e-06 -1.62702e-06 -1.95019e-06 -4.09782e-07
0 0 95 -1.96323e-06 -1.62702e-06 -1.95019e-06 -4.09782e-07
0 0 96 -1.96323e-06 -1.62702e-06 -1.95019e-06 -4.09782e-07
0 0 97 -1.96323e-06 -1.62702e-06 -1.95019e-06 -4.09782e-07
0 0 98 -1.96323e-06 -1.62702e-06 -1.95019e-06 -4.09782e-07
0 0 99 -1.96323e-06 -1.62702e-06 -1.95019e-06 -4.09782e-07
0 0 100 -1.96323e-06 -1.62702e-06 -1.95019e-06 -4.09782e-07
0 0 101 -1.96323e-06 -1.62702e-06 -1.95019e-06 -4.09782e-07
0 0 102 -1.96323e-06 -1.62702e-06 -1.95019e-06 -4.09782e-07
0 0 103 -1.96323e-06 -1.62702e-06 -1.95019e-06 -4.09782e-07
0 0 104 -1.96323e-06 -1.62702e-06 -1.95019e-06 -4.09782e-07
0 0 105 -1.96323e-06 -1.62702e-06 -1.95019e-06 -4.09782e-07
0 0 106 -1.96323e-06 -1.62702e-06 -1.95019e-06 -4.09782e-07
0 0 107 -1.96323e-06 -1.62702e-06 -1.95019e-06 -4.09782e-07
0 0 108 -1.96323e-06 -1.62702e-06 -1.95019e-06 -4.09782e-07
0 0 109 -1.96323e-06 -1.62702e-06 -1.95019e-06 -4.09782e-07
0 0 110 -1.96323e-06 -1.62702e-06 -1.95019e-06 -4.09782e-07
0 0 111 -1.96323e-06 -1.62702e-06 -1.95019e-06 -4.09782e-07
0 0 112 -1.96323e-06 -1.62702e-06 -1.95019e-06 -4.09782e-07
0 0 113 -1.96323e-06 -1.62702e-06 -1.95019e-06 -4.09782e-07
0 0 114 -1.96323e-06 -1.62702e-06 -1.95019e-06 -4.09782e-07
0 0 115 -1.96323e-06 -1.62702e-06 -1.95019e-06 -4.09782e-07
0 0 116 -1.96323e-06 -1.62702e-06 -1.95019e-06 -4.09782e-07
0 0 117 -1.96323e-06 -1.62702e-06 -1.95019e-06 -4.09782e-07
0 0 118 -1.96323e-06 -1.62702e-06 -1.95019e-06 -4.09782e-07
0 0 119 -1.96323e-06 -1.62702e-06 -1.95019e-06 -4.09782e-07
0 0 120 -1.96323e-06 -1.62702e-06 -1.95019e-06 -4.09782e-07
0 0 121 -1.96323e-06 -1.62702e-06 -1.95019e-06 -4.09782e-07
0 0 122 -1.96323e-06 -1.62702e-06 -1.95019e-06 -4.09782e-07
0 0 123 -1.96323e-06 -1.62702e-06 -1.95019e-06 -4.09782e-07
0 0 124 -1.96323e-06 -1.62702e-06 -1.95019e-06 -4.09782e-07
0 0 125 -1.96323e-06 -1.62702e-06 -1.95019e-06 -4.09782e-07
0 0 126 -1.96323e-06 -1.62702e-06 -1.95019e-06 -4.09782e-07
0 0 127 -1.96323e-06 -1.62702e-06 -1.95019e-06 -4.09782e-07
0 0 128 -1.96323e-06 -1.62702e-06 -1.95019e-06 -4.09782e-07
0 0 129 -1.96323e-06 -1.62702e-06 -1.95019e-06 -4.09782e-07
0 0 130 -1.96323e-06 -1.62702e-06 -1.95019e-06 -4.09782e-07
0 0 131 -1.96323e-06 -1.62702e-06 -1.95019e-06 -4.09782e-07
0 0 132 -1.96323e-06 -1.62702e-06 -1.95019e-06 -4.09782e-07
0 0 133 -1.96323e-06 -1.62702e-06 -1.95019e-06 -4.09782e-07
0 0 134 -1.96323e-06 -1.62702e-06 -1.95019e-06 -4.09782e-07
0 0 135 -1.96323e-06 -1.62702e-06 -1.95019e-06 -4.09782e-07
0 0 136 -1.96323e-06 -1.62702e-06 -1.95019e-06 -4.09782e-07
0 0 137 -1.96323e-06 -1.62702e-06 -1.95019e-06 -4.09782e-07
0 0 138 -1.96323e-06 -1.62702e-06 -1.95019e-06 -4.09782e-07
0 0 139 -1.96323e-06 -1.62702e-06 -1.95019e-06 -4.09782e-07
0 0 140 -1.96323e-06 -1.62702e-06 -1.95019e-06 -4.09782e-07
0 0 141 -1.96323e-06 -1.62702e-06 -1.95019e-06 -4.09782e-07
0 0 142 -1.96323e-06 -1.62702e-06 -1.95019e-06 -4.09782e-07
0 0 143 -1.96323e-06 -1.62702e-06 -1.95019e-06 -4.09782e-07
0 0 144 -1.96323e-06 -1.62702e-06 -1.95019e-06 -4.09782e-07
0 0 145 -1.96323e-06 -1.62702e-06 -1.95019e-06 -4.09782e-07
0 0 146 -1.96323e-06 -1.62702e-06 -1.95019e-06 -4.09782e-07
0 0 147 -1.96323e-06 -1.62702e-06 -1.95019e-06 -4.09782e-07
0 0 148 -1.96323e-06 -1.62702e-06 -1.95019e-06 -4.09782e-07
0 0 149 -1.96323e-06 -1.62702e-06 -1.95019e-06 -4.09782e-07
0 0 150 -1.96323e-06 -1.62702e-06 -1.95019e-06 -4.09782e-07
0 0 151 -1.96323e-06 -1.62702e-06 -1.95019e-06 -4.09782e-07
0 0 152 -1.96323e-06 -1.62702e-06 -1.95019e-06 -4.09782e-07
0 0 153 -1.96323e-06 -1.62702e-06 -1.95019e-06 -4.09782e-07
0 0 154 -1.96323e-06 -1.62702e-06 -1.95019e-06 -4.09782e-07
0 0 155 -1.96323e-06 -1.62702e-06 -1.95019e-06 -4.09782e-07
0 0 156 -1.96323e-06 -1.62702e-06 -1.95019e-06 -4.09782e-07
0 0 157 -1.96323e-06 -1.62702e-06 -1.95019e-06 -4.09782e-07
0 0 158 -1.96323e-06 -1.62702e-06 -1.95019e-06 -4.09782e-07
0 0 159 -1.96323e-06 -1.62702e-06 -1.95019e-06 -4.09782e-07
0 0 160 -1.96323e-06 -1.62702e-06 -1.95019e-06 -4.09782e-07
0 0 161 -1.96323e-06 -1.62702e-06 -1.95019e-06 -4.09782e-07
0 0 162 -1.96323e-06 -1.62702e-06 -1.95019e-06 -4.09782e-07
0 0 163 -1.96323e-06 -1.62702e-06 -1.95019e-06 -4.09782e-07
0 0 164 -1.96323e-06 -1.62702e-06 -1.95019e-06 -4.09782e-07
0 0 165 -1.96323e-06 -1.62702e-06 -1.95019e-06 -4.09782e-07
0 0 166 -1.96323e-06 -1.62702e-06 -1.95019e-06 -4.09782e-07
0 0 167 -1.96323e-06 -1.62702e-06 -1.95019e-06 -4.09782e-07
0 0 168 -1.96323e-06 -1.62702e-06 -1.95019e-06 -4.09782e-07
0 0 169 -1.96323e-06 -1.62702e-06 -1.95019e-06 -4.09782e-07
0 0 170 -1.96323e-06 -1.62702e-06 -1.95019e-06 -4.09782e-07
0 0 171 -1.96323e-06 -1.62702e-06 -1.95019e-06 -4.09782e-07
0 0 172 -1.96323e-06 -1.62702e-06 -1.95019e-06 -4.09782e-07
0 0 173 -1.96323e-06 -1.62702e-06 -1.95019e-06 -4.09782e-07
0 0 174 -1.96323e-06 -1.62702e-06 -1.95019e-06 -4.09782e-07
0 0 175 -1.96323e-06 -1.62702e-06 -1.95019e-06 -4.09782e-07
0 0 176 -1.96323e-06 -1.62702e-06 -1.95019e-06 -4.09782e-07
0 0 177 -1.96323e-06 -1.62702e-06 -1.95019e-06 -4.09782e-07
0 0 178 -1.96323e-06 -1.62702e-06 -1.95019e-06 -4.09782e-07
0 0 179 -1.96323e-06 -1.62702e-06 -1.95019e-06 -4.09782e-07
0 0 180 -1.96323e-06 -1.62702e-06 -1.95019e-06 -4.09782e-07
0 0 181 -1.96323e-06 -1.62702e-06 -1.95019e-06 -4.09782e-07
0 0 182 -1.96323e-06 -1.62702e-06 -1.95019e-06 -4.09782e-07
0 0 183 -1.96323e-06 -1.62702e-06 -1.95019e-06 -4.09782e-07
0 0 184 -1.96323e-06 -1.62702e-06 -1.95019e-06 -4.09782e-07
0 0 185 -1.96323e-06 -1.62702e-06 -1.95019e-06 -4.09782e-07
0 0 186 -1.96323e-06 -1.62702e-06 -1.95019e-06 -4.09782e-07
0 0 187 -1.96323e-06 -1.62702e-06 -1.95019e-06 -4.09782e-07
0 0 188 -1.96323e-06 -1.62702e-06 -1.95019e-06 -4.09782e-07
0 0 189 -1.96323e-06 -1.62702e-06 -1.95019e-06 -4.09782e-07
0 0 190 -1.96323e-06 -1.62702e-06 -1.95019e-06 -4.09782e-07
0 0 191 -1.96323e-06 -1.62702e-06 -1.95019e-06 -4.09782e-07
0 0 192 -1.96323e-06 -1.62702e-06 -1.95019e-06 -4.09782e-07
0 0 193 -1.96323e-06 -1.62702e-06 -1.95019e-06 -4.09782e-07
0 0 194 -1.96323e-06 -1.62702e-06 -1.95019e-06 -4.09782e-07
0 0 195 -1.96323e-06 -1.62702e-06 -1.95019e-06 -4.09782e-07
0 0 196 -1.96323e-06 -1.62702e-06 -1.95019e-06 -4.09782e-07
0 0 197 -1.96323e-06 -1.62702e-06 -1.95019e-06 -4.09782e-07
0 0 198 -1.96323e-06 -1.62702e-06 -1.95019e-06 -4.09782e-07
0 0 199 -1.96323e-06 -1.62702e-06 -1.95019e-06 -4.09782e-07
0 0 200 -1.96323e-06 -1.62702e-06 -1.95019e-06 -4.09782e-07
0 0 201 -1.96323e-06 -1.62702e-06 -1.95019e-06 -4.09782e-07
0 0 202 -1.96323e-06 -1.62702e-06 -1.95019e-06 -4.09782e-07
0 0 203 -1.96323e-06 -1.62702e-06 -1.95019e-06 -4.09782e-07
0 0 204 -1.96323e-06 -1.62702e-06 -1.95019e-06 -4.09782e-07
0 0 205 -1.96323e-06 -1.62702e-06 -1.95019e-06 -4.09782e-07
0 0 206 -1.96323e-06 -1.62702e-06 -1.95019e-06 -4.09782e-07
0 0 207 -1.96323e-06 -1.62702e-06 -1.95019e-06 -4.09782e-07
0 0 208 -1.96323e-06 -1.62702e-06 -1.95019e-06 -4.09782e-07
0 0 209 -1.96323e-06 -1.62702e-06 -1.95019e-06 -4.09782e-07
0 0 210 -1.96323e-06 -1.62702e-06 -1.95019e-06 -4.09782e-07
0 0 211 -1.96323e-06 -1.62702e-06 -1.95019e-06 -4.09782e-07
0 0 212 -1.96323e-06 -1.62702e-06 -1.95019e-06 -4.09782e-07
0 0 213 -1.96323e-06 -1.62702e-06 -1.95019e-06 -4.09782e-07
0 0 214 -1.96323e-06 -1.62702e-06 -1.95019e-06 -4.09782e-07
0 0 215 -1.96323e-06 -1.62702e-06 -1.95019e-06 -4.09782e-07
0 0 216 -1.96323e-06 -1.62702e-06 -1.95019e-06 -4.09782e-07
0 0 217 -1.96323e-06 -1.62702e-06 -1.95019e-06 -4.09782e-07
0 0 218 -1.96323e-06 -1.62702e-06 -1.95019e-06 -4.09782e-07
0 0 219 -1.96323e-06 -1.62702e-06 -1.95019e-06 -4.09782e-07
0 0 220 -1.96323e-06 -1.62702e-06 -1.95019e-06 -4.09782e-07
0 0 221 -1.96323e-06 -1.62702e-06 -1.95019e-06 -4.09782e-07
0 0 222 -1.96323e-06 -1.62702e-06 -1.95019e-06 -4.09782e-07
0 0 223 -1.96323e-06 -1.62702e-06 -1.95019e-06 -4.09782e-07
0 0 224 -1.96323e-06 -1.62702e-06 -1.95019e-06 -4.09782e-07
0 0 225 -1.96323e-06 -1.62702e-06 -1.95019e-06 -4.09782e-07
0 0 226 -1.96323e-06 -1.62702e-06 -1.95019e-06 -4.09782e-07
0 0 227 -1.96323e-06 -1.62702e-06 -1.95019e-06 -4.09782e-07
0 0 228 -1.96323e-06 -1.62702e-06 -1.95019e-06 -4.09782e-07
0 0 229 -1.96323e-06 -1.62702e-06 -1.95019e-06 -4.09782e-07
0 0 230 -1.96323e-06 -1.62702e-06 -1.95019e-06 -4.09782e-07
0 0 231 -1.96323e-06 -1.62702e-06 -1.95019e-06 -4.09782e-07
0 0 232 -1.96323e-06 -1.62702e-06 -1.95019e-06 -4.09782e-07
0 0 233 -1.96323e-06 -1.62702e-06 -1.95019e-06 -4.09782e-07
0 0 234 -1.96323e-06 -1.62702e-06 -1.95019e-06 -4.09782e-07
0 0 235 -1.96323e-06 -1.62702e-06 -1.95019e-06 -4.09782e-07
0 0 236 -1.96323e-06 -1.62702e-06 -1.95019e-06 -4.09782e-07
0 0 237 -1.96323e-06 -1.62702e-06 -1.95019e-06 -4.09782e-07
0 0 238 -1.96323e-06 -1.62702e-06 -1.95019e-06 -4.09782e-07
0 0 239 -1.96323e-06 -1.62702e-06 -1.95019e-06 -4.09782e-07
0 0 240 -1.96323e-06 -1.62702e-06 -1.95019e-06 -4.09782e-07
0 0 241 -1.96323e-06 -1.62702e-06 -1.95019e-06 -4.09782e-07
0 0 242 -1.96323e-06 -1.62702e-06 -1.95019e-06 -4.09782e-07
0 0 243 -1.96323e-06 -1.62702e-06 -1.95019e-06 -4.09782e-07
0 0 244 -1.96323e-06 -1.62702e-06 -1.95019e-06 -4.09782e-07
0 0 245 -1.96323e-06 -1.62702e-06 -1.95019e-06 -4.09782e-07
0 0 246 -1.96323e-06 -1.62702e-06 -1.95019e-06 -4.09782e-07
0 0 247 -1.96323e-06 -1.62702e-06 -1.95019e-06 -4.09782e-07
0 0 248 -1.96323e-06 -1.62702e-06 -1.95019e-06 -4.09782e-07
0 0 249 -1.96323e-06 -1.62702e-06 -1.95019e-06 -4.09782e-07
0 0 250 -1.96323e-06 -1.62702e-06 -1.95019e-06 -4.09782e-07
0 0 251 -1.96323e-06 -1.62702e-06 -1.95019e-06 -4.09782e-07
0 0 252 -1.96323e-06 -1.62702e-06 -1.95019e-06 -4.09782e-07
0 0 253 -1.96323e-06 -1.62702e-06 -1.95019e-06 -4.09782e-07
0 0 254 -1.96323e-06 -1.62702e-06 -1.95019e-06 -4.09782e-07
0 0 255 -1.96323e-06 -1.62702e-06 -1.95019e-06 -4.09782e-07
0 0 256 -1.96323e-06 -1.62702e-06 -1.95019e-06 -4.09782e-07
0 0 257 -1.96323e-06 -1.62702e-06 -1.95019e-06 -4.09782e-07
0 0 258 -1.96323e-06 -1.62702e-06 -1.95019e-06 -4.09782e-07
0 0 259 -1.96323e-06 -1.62702e-06 -1.95019e-06 -4.09782e-07
0 0 260 -1.96323e-06 -1.62702e-06 -1.95019e-06 -4.09782e-07
0 0 261 -1.96323e-06 -1.62702e-06 -1.95019e-06 -4.09782e-07
0 0 262 -1.96323e-06 -1.62702e-06 -1.95019e-06 -4.09782e-07
0 0 263 -1.96323e-06 -1.62702e-06 -1.95019e-06 -4.09782e-07
0 0 264 -1.96323e-06 -1.62702e-06 -1.95019e-06 -4.09782e-07
0 0 265 -1.96323e-06 -1.62702e-06 -1.95019e-06 -4.09782e-07
0 0 266 -1.96323e-06 -1.62702e-06 -1.95019e-06 -4.09782e-07
0 0 267 -1.96323e-06 -1.62702e-06 -1.95019e-06 -4.09782e-07
0 0 268 -1.96323e-06 -1.62702e-06 -1.95019e-06 -4.09782e-07
0 0 269 -1.96323e-06 -1.62702e-06 -1.95019e-06 -4.09782e-07
0 0 270 -1.96323e-06 -1.62702e-06 -1.95019e-06 -4.09782e-07
0 0 271 -1.96323e-06 -1.62702e-06 -1.95019e-06 -4.09782e-07
0 0 272 -1.96323e-06 -1.62702e-06 -1.95019e-06 -4.09782e-07
0 0 273 -1.96323e-06 -1.62702e-06 -1.95019e-06 -4.09782e-07
0 0 274 -1.96323e-06 -1.62702e-06 -1.95019e-06 -4.09782e-07
0 0 275 -1.96323e-06 -1.62702e-06 -1.95019e-06 -4.09782e-07
0 0 276 -1.96323e-06 -1.62702e-06 -1.95019e-06 -4.09782e-07
0 0 277 -1.96323e-06 -1.62702e-06 -1.95019e-06 -4.09782e-07
0 0 278 -1.96323e-06 -1.62702e-06 -1.95019e-06 -4.09782e-07
0 0 279 -1.96323e-06 -1.62702e-06 -1.95019e-06 -4.09782e-07
0 0 280 -1.96323e-06 -1.62702e-06 -1.95019e-06 -4.09782e-07
0 0 281 -1.96323e-06 -1.62702e-06 -1.95019e-06 -4.09782e-07
0 0 282 -1.96323e-06 -1.62702e-06 -1.95019e-06 -4.09782e-07
0 0 283 -1.96323e-06 -1.62702e-06 -1.95019e-06 -4.09782e-07
0 0 284 -1.96323e-06 -7.2252e-06 -1.95019e-06 -4.09782e-07
0 0 285 -1.96323e-06 -7.2252e-06 -1.95019e-06 -4.09782e-07
0 0 286 -1.96323e-06 -7.2252e-06 -1.95019e-06 -4.09782e-07
0 0 287 -1.96323e-06 -7.2252e-06 -1.95019e-06 -4.09782e-07
0 0 288 -1.96323e-06 -7.2252e-06 -1.95019e-06 -4.09782e-07
0 0 289 -1.96323e-06 -7.2252e-06 -1.95019e-06 -4.09782e-07
0 0 290 -1.96323e-06 -7.2252e-06 -1.95019e-06 -4.09782e-07
0 0 291 -1.96323e-06 -1.62702e-06 -1.95019e-06 -4.09782e-07
0 0 292 -1.96323e-06 -1.62702e-06 -1.95019e-06 1.72667e-06
0 0 293 -1.96323e-06 -1.62702e-06 -1.95019e-06 1.72667e-06
0 0 294 -1.96323e-06 -7.2252e-06 -1.95019e-06 -5.30854e-08
0 0 295 -1.96323e-06 -7.2252e-06 -1.95019e-06 1.72667e-06
0 0 296 -1.96323e-06 -7.2252e-06 -1.95019e-06 -5.30854e-08
0 0 297 -1.15372e-05 -7.2252e-06 -1.95019e-06 -5.30854e-08
0 0 298 -1.15372e-05 -1.62702e-06 -1.95019e-06 -5.30854e-08
0 0 299 -1.15372e-05 -7.2252e-06 1.44821e-06 -5.30854e-08
0 0 300 -1.15372e-05 -7.2252e-06 -1.95019e-06 -5.30854e-08
0 0 301 -1.96323e-06 -7.2252e-06 1.44821e-06 -5.30854e-08
0 0 302 -1.96323e-06 -7.2252e-06 1.44821e-06 -5.30854e-08
0 0 303 -1.96323e-06 -7.2252e-06 1.44821e-06 -5.30854e-08
0 0 304 -1.96323e-06 -1.62702e-06 -1.95019e-06 1.72667e-06
0 0 305 -1.96323e-06 -7.2252e-06 -1.95019e-06 -5.30854e-08
0 0 306 -1.15372e-05 -1.62702e-06 -1.95019e-06 -5.30854e-08
0 0 307 -1.15372e-05 -7.2252e-06 -1.95019e-06 -5.30854e-08
0 0 308 -1.39885e-06 -1.62702e-06 -1.95019e-06 2.08337e-06
0 0 309 -1.39885e-06 -1.62702e-06 -1.95019e-06 -5.30854e-08
0 0 310 -1.15372e-05 -7.2252e-06 -1.95019e-06 -5.30854e-08
0 0 311 -1.15372e-05 -7.2252e-06 -1.95019e-06 -1.83377e-06
0 0 312 -1.39885e-06 -1.62702e-06 -1.95019e-06 -5.30854e-08
0 0 313 -1.39885e-06 -1.62702e-06 -1.95019e-06 2.08337e-06
0 0 314 -1.15372e-05 -7.2252e-06 1.44821e-06 -1.83377e-06
0 0 315 -1.39885e-06 -7.2252e-06 -1.95019e-06 2.43913e-06
0 0 316 -1.15372e-05 -7.2252e-06 -1.95019e-06 3.0268e-07
0 0 317 -1.39885e-06 -7.2252e-06 -1.95019e-06 3.0268e-07
0 0 318 -1.15372e-05 -1.62702e-06 -1.95019e-06 3.0268e-07
0 0 319 -1.39885e-06 -1.62702e-06 -5.34765e-06 2.43913e-06
0 0 320 -1.15372e-05 -1.62702e-06 -1.95019e-06 6.58445e-07
0 0 321 -1.39885e-06 -1.62702e-06 -5.34765e-06 6.58445e-07
0 0 322 -1.39885e-06 -7.2252e-06 -1.95019e-06 6.58445e-07
0 0 323 -1.15372e-05 -1.62702e-06 -1.95019e-06 -1.12131e-06
0 0 324 -1.39885e-06 -7.2252e-06 1.44821e-06 4.93135e-06
0 0 325 -1.15372e-05 3.97209e-06 -8.74605e-06 1.01514e-06
0 0 326 -1.39885e-06 -7.2252e-06 -1.95019e-06 3.1516e-06
0 0 327 -1.39885e-06 -1.62702e-06 -1.95019e-06 -7.65547e-07
0 0 328 -1.39885e-06 -7.2252e-06 -1.95019e-06 1.37091e-06
0 0 329 -1.39885e-06 -1.62702e-06 -1.95019e-06 -5.30854e-08
0 0 330 -1.39885e-06 3.97209e-06 -1.95019e-06 5.99958e-06
0 0 331 -8.36328e-07 -1.62702e-06 -5.34765e-06 3.0268e-07
0 0 332 -8.36328e-07 3.97209e-06 -1.95019e-06 3.0268e-07
0 0 333 -8.36328e-07 9.97074e-06 1.44821e-06 2.43913e-06
0 0 334 -8.36328e-07 -1.62702e-06 -1.95019e-06 4.93135e-06
0 0 335 -1.09747e-05 1.55699e-05 -1.95019e-06 1.37091e-06
0 0 336 -8.36328e-07 4.37163e-06 -1.95019e-06 5.99958e-06
0 0 337 -8.36328e-07 4.37163e-06 -8.74605e-06 5.64381e-06
0 0 338 -1.04103e-05 9.97074e-06 7.9358e-06 8.49273e-06
0 0 339 -2.71946e-07 4.37163e-06 -8.74605e-06 -7.17491e-06
0 0 340 9.86643e-06 9.97074e-06 -1.21444e-05 1.73952e-05
0 0 341 -1.99862e-05 9.97074e-06 4.5374e-06 -5.75092e-06
0 0 342 9.86643e-06 2.67671e-05 -1.95019e-06 1.09849e-05
0 0 343 -9.8478e-06 4.37163e-06 -5.34765e-06 7.06874e-06
0 0 344 1.0429e-05 4.95622e-05 -8.74605e-06 -5.03846e-06
0 0 345 2.05673e-05 -1.22655e-06 1.47317e-05 1.20532e-05
0 0 346 8.53091e-07 2.71667e-05 -1.21444e-05 4.93135e-06
0 0 347 1.09915e-05 5.51604e-05 8.24407e-06 1.34781e-05
0 0 348 2.16942e-05 -1.22655e-06 -8.74605e-06 2.7949e-06
0 0 349 1.41747e-06 8.35545e-05 2.18367e-05 -2.19047e-06
0 0 350 3.18326e-05 1.59694e-05 -1.52336e-05 9.56096e-06
0 0 351 1.97999e-06 1.59694e-05 -3.56222e-05 2.23797e-05
0 0 352 2.28193e-05 3.87644e-05 2.49259e-05 7.78027e-06
0 0 353 3.29576e-05 6.1159e-05 -8.43685e-06 2.66535e-05
0 0 354 5.37988e-05 -5.16158e-05 -8.43685e-06 -2.49799e-05
0 0 355 1.38078e-05 0.000163137 1.84383e-05 4.69498e-05
0 0 356 4.23379e-06 0.000117946 -1.64099e-06 -2.902e-06
0 0 357 3.46489e-05 2.1968e-05 -2.88254e-05 1.34781e-05
0 0 358 8.53408e-05 1.63689e-05 1.16425e-05 1.6327e-05
0 0 359 8.64659e-05 0.000101151 2.55434e-05 5.37159e-05
0 0 360 1.66241e-05 0.00010715 6.08154e-06 -1.82139e-05
0 0 361 6.78804e-05 0.000123945 -7.51019e-06 7.11642e-05
0 0 362 2.84519e-05 0.000118347 -1.1526e-05 -4.68269e-06
0 0 363 2.84519e-05 2.83672e-05 2.9251e-05 -3.74429e-05
0 0 364 0.000110123 0.000242719 4.99487e-05 5.01554e-05
0 0 365 8.08332e-05 4.55631e-05 -7.79433e-05 4.73065e-05
0 0 366 0.000142228 0.000141541 2.95592e-05 8.57636e-05
0 0 367 -7.03149e-06 0.000333499 7.03372e-05 3.05697e-05
0 0 368 0.000154618 9.11532e-05 -4.67431e-05 2.879e-05
0 0 369 1.54972e-05 0.000175934 -5.38481e-05 -1.2517e-05
0 0 370 9.60417e-05 0.000164736 1.75117e-05 -3.63747e-05
0 0 371 1.7751e-05 1.27703e-05 8.17664e-05 -2.19047e-06
0 0 372 0.000179965 0.000357093 4.56236e-05 3.44869e-05
0 0 373 5.09825e-05 4.71622e-05 -4.89056e-05 2.77217e-05
0 0 374 0.000232909 0.000261514 7.96048e-05 -4.77694e-05
0 0 375 -4.58956e-05 0.000188731 -0.000111307 0.000178347
0 0 376 0.000396812 0.000572645 0.000119146 0.000132767
0 0 377 2.84519e-05 0.000364291 2.15275e-05 3.59118e-05
0 0 378 0.000150112 0.000189531 -9.92594e-05 4.26769e-05
0 0 379 5.32344e-05 0.000274712 8.20756e-05 -0.000212282
0 0 380 0.000505518 0.00037109 -4.42099e-06 0.000281257
0 0 381 -5.26533e-05 0.000455871 0.000211821 -3.81554e-05
0 0 382 0.000240231 0.00055225 -0.000179268 2.43913e-06
0 0 383 0.00022277 0.000716614 0.000275458 4.51701e-05
0 0 384 0.000477357 -0.000191984 0.00018371 -5.59594e-05
0 0 385 5.04199e-05 0.000790996 -7.45459e-05 0.000175142
0 0 386 0.000453699 0.000441074 -0.000149922 0.000116032
0 0 387 0.000588315 0.000221523 0.000221398 -4.81252e-05
0 0 388 0.000454264 0.000634232 -3.6858e-05 0.000349269
0 0 389 0.000449758 0.000872179 0.000289051 0.00024992
0 0 390 -6.89887e-05 0.000663825 0.000255379 0.000134192
0 0 391 0.000115192 0.000737809 -0.000489113 -0.000200887
0 0 392 0.000772495 0.000992552 0.000139844 0.000159831
0 0 393 0.000786576 0.000717013 0.000472239 0.000119592
0 0 394 0.000312889 0.00037309 0.00073729 -0.000438043
0 0 395 -7.34944e-05 0.00132248 -0.000126135 0.00024992
0 0 396 0.00146584 0.000131943 0.000619901 0.000301554
0 0 397 8.08332e-05 0.00171879 -0.000642954 7.72178e-05
0 0 398 0.000788266 0.00146645 0.000589936 0.000316153
0 0 399 0.000165883 0.000992952 0.000439494 -0.000172757
0 0 400 0.00118422 -0.000897028 -0.000337126 0.000250989
0 0 401 7.68919e-05 0.00240624 6.32321e-05 0.000388083
0 0 402 0.00105243 -0.00016639 0.000359484 -0.000615731
0 0 403 0.000692515 0.00138606 0.000250435 0.000557938
0 0 404 0.00103046 0.00137047 0.000681685 0.000267725
0 0 405 0.00173451 0.000942563 0.000379873 -7.17491e-06
0 0 406 0.000574797 0.00164441 -0.000392422 -0.000279583
0 0 407 0.000387236 0.0025718 0.00028071 0.00116685
0 0 408 0.00136502 -0.000503914 0.000581596 -0.000513533
0 0 409 0.00129631 0.0025806 0.00212742 -0.000575849
0 0 410 0.00114536 -0.00034355 -0.00143162 0.00131747
0 0 411 0.00127941 0.00261059 0.00096311 -0.000186644
0 0 412 0.00211695 0.00133088 0.00147097 -6.81914e-06
0 0 413 -0.000181073 0.00163641 0.000111423 -0.00161705
0 0 414 0.00211639 0.00117531 -0.000153011 0.00109421
0 0 415 -0.000963978 0.00134087 -0.000947856 -0.000850393
0 0 416 0.00382526 0.0025678 0.00184229 0.00267809
0 0 417 0.000513967 0.00190835 0.000573873 -0.00212804
0 0 418 0.00288916 0.00351959 0.00175332 0.00189541
0 0 419 -0.000181636 -0.000713068 -0.00261354 0.000267013
0 0 420 0.00406577 0.00248422 0.00387837 -0.00127271
0 0 421 0.00142585 0.0034632 -0.000366473 0.000549748
0 0 422 0.00212089 0.000986554 0.00023808 0.0010643
0 0 423 0.000201367 -0.000677076 -0.000428566 -0.000963273
0 0 424 0.00389905 0.00631297 0.00278109 -0.0024884
0 0 425 0.00279566 0.000441475 9.72124e-05 0.0040825
0 0 426 -0.00145062 0.00266738 -0.000926849 -0.00137919
0 0 427 0.00387652 -0.00446983 -0.000739337 -0.0014764
0 0 428 0.00136221 0.00580708 0.00106505 0.00064696
0 0 429 0.00186349 0.0016552 0.00258802 -4.56329e-05
0 0 430 0.00588109 0.00416944 0.00271189 0.000452535
0 0 431 -0.000844009 0.00412025 -0.000252173 -0.000659173
0 0 432 0.00452931 0.00187516 -0.000527728 -0.000510685
0 0 433 0.0017469 0.00117971 0.00101593 0.00305875
0 0 434 4.02816e-05 0.00309129 0.00258246 -0.0041873
0 0 435 0.00822249 0.00144925 0.00203969 0.00222728
0 0 436 0.00260021 0.00448497 -4.33447e-05 0.000922573
0 0 437 0.00118929 -0.00205317 -0.000347011 -0.00324509
0 0 438 0.00343719 -0.00386877 -0.000924996 -0.00171925
0 0 439 0.00598642 0.0136321 0.00534356 0.00312783
0 0 440 -0.000592802 -0.000848638 -0.00235096 -0.00163308
0 0 441 0.00471744 0.00263499 -0.00178193 -0.00201053
0 0 442 -9.82769e-05 -0.000382341 0.00337483 0.00127831
0 0 443 0.00600275 -0.00215755 0.000929746 -0.00489236
0 0 444 0.0026678 0.00668368 0.000343729 0.00222799
0 0 445 0.0117433 -0.00130334 0.00186422 0.0077609
0 0 446 0.00066041 -0.00195159 7.77505e-05 -0.00763816
0 0 447 -0.00382637 0.00907155 0.000733583 -0.00126631
0 0 448 0.0113907 -0.00144651 -0.00301359 -0.00381163
0 0 449 -0.0035915 -0.00109818 0.00145182 0.00575719
0 0 450 8.59033e-05 0.000401083 0.000287506 -0.000476144
0 0 451 0.00990714 0.00449537 0.00154171 -0.00474031
0 0 452 0.00412603 -0.00396234 -0.00174764 -0.00382231
0 0 453 0.00416997 0.00202392 0.0051579 0.00661465
0 0 454 0.00546711 0.00295252 -0.00139486 -0.00676147
0 0 455 -0.00117576 0.00654252 0.00285554 0.00101943
0 0 456 0.00642462 -0.00333488 0.000490773 -0.00406303
0 0 457 0.00163763 -0.00486054 -0.002903 -0.000487539
0 0 458 0.00232535 0.007941 -0.00455169 0.000373839
0 0 459 0.0106146 0.000724211 0.00463243 -0.00404202
0 0 460 -0.00216931 0.000106749 -0.00172695 0.00123842
0 0 461 0.0075573 -0.00243308 0.000315926 -0.0054564
0 0 462 0.0114487 0.00715998 0.00259234 -0.00373044
0 0 463 -0.00503959 -0.00693608 -0.00451709 0.00455183
0 0 464 0.00379766 0.00105294 -0.0111014 0.00261684
0 0 465 0.000148423 0.000905371 0.00914356 -0.00321269
0 0 466 0.015352 -0.000769456 0.00323273 -0.00530043
0 0 467 -0.0102704 0.000471468 -0.00561962 0.00201434
0 0 468 0.0136634 0.0030037 -0.00349766 -0.00468298
0 0 469 -0.0043868 0.000837786 0.00178607 -0.00540762
0 0 470 0.00235915 -0.00228192 -0.00690225 0.00712777
0 0 471 0.00792791 0.00499206 0.00629534 -0.00445294
0 0 472 -0.0030277 -0.000863035 -0.000607429 0.00284616
0 0 473 0.00532067 -0.0102461 -0.000577773 -0.00481758
0 0 474 0.0119534 0.00460455 -0.00601874 -0.000849681
0 0 475 -0.00436483 0.000260315 0.00135667 0.00187012
0 0 476 0.000387236 0.00149004 -0.000318591 0.00171131
0 0 477 -0.00304178 0.00427822 -0.0104545 -0.00222133
0 0 478 -0.00122363 -0.00617665 -0.00323385 0.0024947
0 0 479 0.0134544 -0.00111458 0.00319813 -0.00290716
0 0 480 -0.00827879 0.000523456 -0.00553868 0.00185517
0 0 481 -0.00560002 0.00497926 0.00244808 -0.00326396
0 0 482 0.00959229 0.00186236 -0.00381245 -0.000338694
0 0 483 0.00242504 -0.00451702 -0.00831925 0.00482744
0 0 484 -0.00250782 -0.000419133 0.0065295 0.000244224
0 0 485 -0.00920533 0.000248718 -0.00562271 0.0036057
0 0 486 0.0187596 -0.00204517 -0.00548987 -0.00241825
0 0 487 -0.0108855 0.00373194 0.00121179 -0.00488666
0 0 488 -0.0103194 0.00308489 0.00068014 -0.00535349
0 0 489 0.0126946 -0.0121157 -0.00212051 0.0094452
0 0 490 -0.00200485 0.00422983 -0.00168957 -0.00332272
0 0 491 -0.00481035 0.00041948 -0.00239452 0.000584644
0 0 492 -0.00381004 0.0102341 -0.00397062 0.00430755
0 0 493 -0.0044527 -0.0064126 -0.00534098 0.00601891
0 0 494 -0.00629168 -0.00540802 0.00490305 -0.00688111
0 0 495 -0.00190741 0.00961863 0.000904724 0.0124574
0 0 496 -0.00610187 0.000117946 -0.00324219 -0.0108789
0 0 497 -0.0104861 -0.00875888 0.00224697 0.00635542
0 0 498 0.00496583 0.00550395 -0.00439105 -0.00247131
0 0 499 0.00214962 0.00014874 -0.00428324 -0.000295251
0 0 500 0.00048862 -0.00408752 0.00136686 -0.000653121
0 0 501 -0.0166469 -0.00180682 0.002449 0.00757716
0 0 502 0.00986884 0.00940908 -0.000483861 -0.0067458
0 0 503 -0.0181524 -0.00409472 -0.00867791 0.00793432
0 0 504 0.000381041 -0.0014745 0.00199459 -0.00410113
0 0 505 -0.00126024 -0.00222193 0.00341066 0.0072022
0 0 506 -0.00143203 0.000669423 -0.00513524 0.00205814
0 0 507 0.000748275 -0.000214779 0.00231339 -0.0081965
0 0 508 -0.00718329 0.00128209 0.000940867 0.00960152
0 0 509 0.00185899 -0.000666278 -0.00106092 -0.00455692
0 0 510 -0.0100862 -0.00452822 0.00289385 0.00399847
0 0 511 -0.00682056 0.00452496 -0.00492517 0.00172698
0 0 512 -0.00610806 -0.00255146 0.00531453 0.000257399
0 0 513 0.000864865 -0.00130014 0.00263219 0.000693251
0 0 514 -0.00170239 -0.00113337 -0.00635052 -0.00190513
0 0 515 -0.0044955 -0.00140091 0.00371124 0.00351347
0 0 516 0.00386413 0.00229906 -0.00226632 -0.00661155
0 0 517 -0.0124417 -0.0050705 -0.00135192 0.00580953
0 0 518 -3.08827e-06 -0.00720722 0.00811208 0.00284438
0 0 519 -0.00905438 0.00377753 -0.00581115 0.00356902
0 0 520 -0.00546935 -0.00150729 0.004368 0.00190324
0 0 521 0.00301194 -0.00547281 -0.00117275 -0.00829763
0 0 522 -0.00744351 0.00235385 0.00289106 0.00628456
0 0 523 -0.00174632 -0.00968027 0.0015241 0.00203499
0 0 524 0.000747712 0.0114162 -0.00347171 -0.00443656
0 0 525 -0.00827035 -0.00668614 0.00299826 0.00474661
0 0 526 -0.00203189 -0.0125756 0.00115186 -0.00160423
0 0 527 -0.00594416 0.00781503 -0.00275873 -0.000333353
0 0 528 -2.71946e-07 -0.00378118 0.00355215 -0.00204009
0 0 529 0.000602396 0.00110613 -0.00334753 0.00687566
0 0 530 -0.0068521 -0.00244268 0.0063148 -0.00149385
0 0 531 0.000248117 -0.00309294 -0.00242139 -0.000876032
0 0 532 -0.00476417 -0.00404833 0.00193218 0.000740611
0 0 533 -0.00261033 -0.00208316 0.00141969 -0.000865705
0 0 534 -0.000351172 -0.00291458 -0.00217673 0.00338279
0 0 535 -0.00538768 -0.000183986 0.00196925 -0.00140091
0 0 536 0.00161341 -0.00604268 0.00291485 0.000163035
0 0 537 -0.00623873 0.00184556 0.00186762 0.000122085
0 0 538 -0.0025219 0.00219908 -0.000606811 0.000887319
0 0 539 0.00164214 -0.000375544 -0.000800502 -0.000758522
0 0 540 -0.00443918 -0.0105209 0.00241132 -0.000863925
0 0 541 0.0020978 -0.00222753 -0.00130342 0.000601737
0 0 542 -0.00629055 -0.000236774 0.00268594 -0.00186062
0 0 543 -0.000181073 0.00250622 -0.00106802 0.00118608
0 0 544 -0.000658138 -0.00669214 0.00149383 -0.000283144
0 0 545 -0.00572731 0.0025862 0.00163902 -0.000241837
0 0 546 0.0018466 -0.00497412 -9.05525e-06 0.000685774
0 0 547 -0.00285703 -0.00265584 0.000627625 0.00048494
0 0 548 -0.00239743 -0.000789051 0.000480271 -0.000154596
0 0 549 -0.00085471 -0.00262544 -0.000850547 -0.00101526
0 0 550 -0.00168718 0.000499462 0.001441 0.000803639
0 0 551 -0.00232815 -0.00385797 0.00136779 -4.77694e-05
0 0 552 -0.00143823 -0.00181762 0.000514251 -0.000552347
0 0 553 -0.00104058 -0.00135133 -0.00126264 -0.000402434
0 0 554 -0.000987634 -0.000979809 0.000896383 -0.000356142
0 0 555 -0.000682922 -0.00128014 9.25791e-05 0.000830346
0 0 556 -0.00214172 3.95644e-05 0.00124731 0.000279476
0 0 557 -0.000798386 -0.00290858 -0.000134166 -0.00151058
0 0 558 0.000419343 0.000437476 -0.000355352 0.00150335
0 0 559 -0.00153961 -0.00258385 0.0014892 -0.00164732
0 0 560 -0.000302734 -0.00181722 -2.11028e-05 0.00103581
0 0 561 -0.000984255 -0.000910224 -0.000248157 -0.00137491
0 0 562 -0.00146639 -0.000708269 0.000351143 0.000980259
0 0 563 -0.000559008 -0.00092902 0.000593644 -0.000491456
0 0 564 -0.000453118 7.17118e-06 -0.00071277 0.000275203
0 0 565 -0.00119941 -0.00150089 9.01073e-05 -0.000273886
0 0 566 -0.000648001 -0.00176803 0.00135791 -0.000251096
0 0 567 -0.000730798 -0.000266767 -0.000912639 -8.58707e-05
0 0 568 -0.000141647 -0.00153249 0.000847883 -0.000456203
0 0 569 -0.00070883 -0.000663879 0.000298009 0.000320783
0 0 570 -0.00046551 -1.56239e-05 0.000108333 0.000111046
0 0 571 -0.000600126 -0.00116177 -0.000177106 -0.000570152
0 0 572 -0.000515075 -0.00104419 0.000321796 0.000114963
0 0 573 -0.000574216 -0.00079105 -0.000134166 -5.66719e-05
0 0 574 -0.00076966 -0.000662279 0.000480888 -2.31992e-05
0 0 575 7.97082e-05 -0.000911024 -4.95231e-05 -0.000378576
0 0 576 -0.000254294 3.07662e-05 -2.75904e-05 2.41604e-05
0 0 577 -0.000409748 -0.000635485 0.000175369 4.97987e-05
0 0 578 -0.000304423 -0.000946616 0.000249818 -0.000168127
0 0 579 -0.000437912 -0.00038834 -0.000135711 0.000114607
0 0 580 -0.000571962 -0.0010326 0.000398098 -0.000350089
0 0 581 -0.000224443 -4.52166e-05 -0.000208925 -8.58707e-05
0 0 582 -0.000236833 -0.000587496 1.13333e-05 0.000108554
0 0 583 -0.000491982 -0.000384741 0.000245802 -0.000138572
0 0 584 -0.000153475 -0.000577099 -8.8756e-05 -6.05881e-05
0 0 585 -0.000295974 -0.000340351 0.000273605 -2.81846e-05
0 0 586 -7.80001e-05 -0.000668278 7.9358e-06 -9.19243e-05
0 0 587 -0.000209235 0.000167136 -2.91346e-05 -3.99351e-05
0 0 588 -0.000332585 -0.000680275 -2.75904e-05 -4.2784e-05
0 0 589 -0.00016474 -0.000138396 -5.19948e-05 -1.18045e-05
0 0 590 -0.000146715 -0.000296761 0.000113585 1.98875e-05
0 0 591 -0.000138266 -0.000427132 0.000108643 -0.00020979
0 0 592 -0.000230076 -2.64207e-05 -0.00011347 2.91457e-05
0 0 593 -9.15173e-05 -0.000246772 6.07604e-05 9.75151e-05
0 0 594 -0.000112921 -0.000337152 -5.34765e-06 -6.66417e-05
0 0 595 -0.000114048 -0.000123199 8.36207e-05 -0.00012967
0 0 596 -0.000295974 -0.000292362 2.9251e-05 -2.53357e-05
0 0 597 -0.000117427 -0.000196783 -4.73605e-05 -5.03846e-06
0 0 598 -0.000108415 -0.000134797 1.28783e-05 -6.05881e-05
0 0 599 -7.9127e-05 -0.000151993 5.39646e-05 5.64381e-06
0 0 600 -8.02521e-05 -0.000163191 1.6585e-05 -7.62567e-05
0 0 601 -8.02521e-05 -0.000157991 -2.63546e-05 1.98875e-05
0 0 602 -8.1379e-05 -0.000197583 4.2282e-06 7.06874e-06
0 0 603 -6.22291e-05 -9.04072e-05 -5.96605e-06 -2.902e-06
0 0 604 -7.293e-05 -5.68144e-05 4.16078e-05 -1.71456e-05
0 0 605 -0.000123622 -0.000197982 3.4811e-05 -5.63152e-05
0 0 606 -3.46303e-05 -0.000102004 -2.63546e-05 -2.28435e-05
0 0 607 -5.49071e-05 -8.52076e-05 1.44225e-05 3.80483e-05
0 0 608 -7.57463e-05 -8.52076e-05 7.9358e-06 -4.4209e-05
0 0 609 -4.58956e-05 -0.000141595 -8.74605e-06 -8.24314e-06
0 0 610 -3.63197e-05 -7.40103e-05 -5.65685e-06 -1.57217e-05
0 0 611 -5.65965e-05 -5.16158e-05 1.81301e-05 -4.09782e-07
0 0 612 -7.74376e-05 -3.48194e-05 -1.89403e-05 6.58445e-07
0 0 613 -3.74466e-05 -0.000102405 1.13901e-06 -1.60774e-05
0 0 614 -3.80091e-05 -6.88117e-05 2.83243e-05 -3.28133e-05
0 0 615 -3.85735e-05 -6.32126e-05 -8.74605e-06 6.58445e-07
0 0 616 -2.84351e-05 -6.32126e-05 1.50409e-05 -1.10921e-05
0 0 617 -3.85735e-05 -4.64162e-05 -8.43685e-06 -7.53161e-06
0 0 618 -2.89977e-05 -4.0818e-05 -5.34765e-06 -8.59983e-06
0 0 619 -2.89977e-05 -5.76144e-05 2.52351e-05 -7.65547e-07
0 0 620 -1.94237e-05 -1.8023e-05 4.8466e-06 -1.00238e-05
0 0 621 -1.94237e-05 -5.76144e-05 -1.86311e-05 3.0268e-07
0 0 622 -2.9562e-05 -4.0818e-05 -1.95019e-06 -5.03846e-06
0 0 623 -1.99862e-05 -2.96207e-05 1.44821e-06 -1.78581e-05
0 0 624 -3.01246e-05 -4.0818e-05 -5.03939e-06 7.4245e-06
0 0 625 -2.05487e-05 -6.82566e-06 8.24407e-06 -8.9556e-06
0 0 626 -1.04103e-05 -3.52189e-05 1.44821e-06 6.58445e-07
0 0 627 -2.05487e-05 -2.96207e-05 -1.95019e-06 -7.53161e-06
0 0 628 -2.05487e-05 -2.40216e-05 -8.74605e-06 -2.19047e-06
0 0 629 -2.05487e-05 -2.40216e-05 4.8466e-06 -4.09782e-07
0 0 630 -2.05487e-05 -2.40216e-05 -1.95019e-06 1.37091e-06
0 0 631 -2.11131e-05 -1.84225e-05 1.44821e-06 -5.03846e-06
0 0 632 -1.09747e-05 -2.40216e-05 8.24407e-06 -3.2587e-06
0 0 633 -1.09747e-05 -7.2252e-06 -1.95019e-06 6.58445e-07
0 0 634 -2.11131e-05 -1.84225e-05 -5.03939e-06 -5.30854e-08
0 0 635 -1.09747e-05 -1.84225e-05 1.44821e-06 -4.32692e-06
0 0 636 -1.09747e-05 -1.84225e-05 1.44821e-06 1.72667e-06
0 0 637 -1.15372e-05 -1.28243e-05 -1.95019e-06 -4.09782e-07
0 0 638 -2.11131e-05 -1.28243e-05 4.8466e-06 -4.09782e-07
0 0 639 -1.15372e-05 -1.28243e-05 -1.95019e-06 1.37091e-06
0 0 640 -1.15372e-05 -1.84225e-05 1.44821e-06 -1.12131e-06
0 0 641 -1.15372e-05 -1.28243e-05 1.44821e-06 -1.12131e-06
0 0 642 -1.15372e-05 -1.28243e-05 1.44821e-06 -3.2587e-06
0 0 643 -1.15372e-05 -1.28243e-05 1.44821e-06 6.58445e-07
0 0 644 -1.15372e-05 -1.28243e-05 -1.95019e-06 -1.12131e-06
0 0 645 -1.15372e-05 -1.28243e-05 -1.95019e-06 6.58445e-07
0 0 646 -1.15372e-05 -7.2252e-06 1.44821e-06 -1.47801e-06
0 0 647 -1.15372e-05 -1.28243e-05 -1.95019e-06 3.0268e-07
0 0 648 -1.15372e-05 -1.28243e-05 1.44821e-06 -1.83377e-06
0 0 649 -1.15372e-05 -1.28243e-05 1.44821e-06 3.0268e-07
0 0 650 -1.15372e-05 -7.2252e-06 -1.95019e-06 3.0268e-07
0 0 651 -1.15372e-05 -1.28243e-05 -1.95019e-06 3.0268e-07
0 0 652 -1.39885e-06 -7.2252e-06 -1.95019e-06 -1.83377e-06
0 0 653 -1.15372e-05 -1.28243e-05 -1.95019e-06 -5.30854e-08
0 0 654 -1.15372e-05 -1.28243e-05 -1.95019e-06 -5.30854e-08
0 0 655 -1.15372e-05 -7.2252e-06 -1.95019e-06 -5.30854e-08
0 0 656 -1.39885e-06 -7.2252e-06 1.44821e-06 -5.30854e-08
0 0 657 -1.15372e-05 -1.28243e-05 -1.95019e-06 -5.30854e-08
0 0 658 -1.15372e-05 -7.2252e-06 1.44821e-06 -5.30854e-08
0 0 659 -1.15372e-05 -1.28243e-05 1.44821e-06 -5.30854e-08
0 0 660 -1.96323e-06 -7.2252e-06 1.44821e-06 -5.30854e-08
0 0 661 -1.96323e-06 -7.2252e-06 1.44821e-06 -5.30854e-08
0 0 662 -1.96323e-06 -7.2252e-06 1.44821e-06 1.72667e-06
0 0 663 -1.96323e-06 -1.62702e-06 1.44821e-06 -5.30854e-08
0 0 664 -1.15372e-05 -7.2252e-06 1.44821e-06 -5.30854e-08
0 0 665 -1.15372e-05 -7.2252e-06 1.44821e-06 -5.30854e-08
0 0 666 -1.15372e-05 -7.2252e-06 1.44821e-06 -5.30854e-08
0 0 667 -1.15372e-05 -7.2252e-06 -1.95019e-06 -5.30854e-08
0 0 668 -1.15372e-05 -7.2252e-06 -1.95019e-06 -5.30854e-08
0 0 669 -1.96323e-06 -7.2252e-06 -1.95019e-06 -5.30854e-08
0 0 670 -1.96323e-06 -7.2252e-06 -1.95019e-06 1.72667e-06
0 0 671 -1.96323e-06 -7.2252e-06 -1.95019e-06 1.72667e-06
0 0 672 -1.96323e-06 -1.62702e-06 -1.95019e-06 -5.30854e-08
0 0 673 -1.96323e-06 -1.62702e-06 -1.95019e-06 1.72667e-06
0 0 674 -1.96323e-06 -1.62702e-06 -1.95019e-06 1.72667e-06
0 0 675 -1.96323e-06 -7.2252e-06 -1.95019e-06 -4.09782e-07
0 0 676 -1.96323e-06 -7.2252e-06 -1.95019e-06 -4.09782e-07
0 0 677 -1.96323e-06 -7.2252e-06 -1.95019e-06 -4.09782e-07
0 0 678 -1.96323e-06 -7.2252e-06 -1.95019e-06 -4.09782e-07
0 0 679 -1.96323e-06 -7.2252e-06 -1.95019e-06 -4.09782e-07
0 0 680 -1.96323e-06 -7.2252e-06 -1.95019e-06 -4.09782e-07
0 0 681 -1.96323e-06 -7.2252e-06 -1.95019e-06 -4.09782e-07
0 0 682 -1.96323e-06 -1.62702e-06 -1.95019e-06 -4.09782e-07
0 0 683 -1.96323e-06 -1.62702e-06 -1.95019e-06 -4.09782e-07
0 0 684 -1.96323e-06 -1.62702e-06 -1.95019e-06 -4.09782e-07
0 0 685 -1.96323e-06 -1.62702e-06 -1.95019e-06 -4.09782e-07
0 0 686 -1.96323e-06 -1.62702e-06 -1.95019e-06 -4.09782e-07
0 0 687 -1.96323e-06 -1.62702e-06 -1.95019e-06 -4.09782e-07
0 0 688 -1.96323e-06 -1.62702e-06 -1.95019e-06 -4.09782e-07
0 0 689 -1.96323e-06 -1.62702e-06 -1.95019e-06 -4.09782e-07
0 0 690 -1.96323e-06 -1.62702e-06 -1.95019e-06 -4.09782e-07
0 0 691 -1.96323e-06 -1.62702e-06 -1.95019e-06 -4.09782e-07
0 0 692 -1.96323e-06 -1.62702e-06 -1.95019e-06 -4.09782e-07
0 0 693 -1.96323e-06 -1.62702e-06 -1.95019e-06 -4.09782e-07
0 0 694 -1.96323e-06 -1.62702e-06 -1.95019e-06 -4.09782e-07
0 0 695 -1.96323e-06 -1.62702e-06 -1.95019e-06 -4.09782e-07
0 0 696 -1.96323e-06 -1.62702e-06 -1.95019e-06 -4.09782e-07
0 0 697 -1.96323e-06 -1.62702e-06 -1.95019e-06 -4.09782e-07
0 0 698 -1.96323e-06 -1.62702e-06 -1.95019e-06 -4.09782e-07
0 0 699 -1.96323e-06 -1.62702e-06 -1.95019e-06 -4.09782e-07
0 0 700 -1.96323e-06 -1.62702e-06 -1.95019e-06 -4.09782e-07
0 0 701 -1.96323e-06 -1.62702e-06 -1.95019e-06 -4.09782e-07
0 0 702 -1.96323e-06 -1.62702e-06 -1.95019e-06 -4.09782e-07
0 0 703 -1.96323e-06 -1.62702e-06 -1.95019e-06 -4.09782e-07
0 0 704 -1.96323e-06 -1.62702e-06 -1.95019e-06 -4.09782e-07
0 0 705 -1.96323e-06 -1.62702e-06 -1.95019e-06 -4.09782e-07
0 0 706 -1.96323e-06 -1.62702e-06 -1.95019e-06 -4.09782e-07
0 0 707 -1.96323e-06 -1.62702e-06 -1.95019e-06 -4.09782e-07
0 0 708 -1.96323e-06 -1.62702e-06 -1.95019e-06 -4.09782e-07
0 0 709 -1.96323e-06 -1.62702e-06 -1.95019e-06 -4.09782e-07
0 0 710 -1.96323e-06 -1.62702e-06 -1.95019e-06 -4.09782e-07
0 0 711 -1.96323e-06 -1.62702e-06 -1.95019e-06 -4.09782e-07
0 0 712 -1.96323e-06 -1.62702e-06 -1.95019e-06 -4.09782e-07
0 0 713 -1.96323e-06 -1.62702e-06 -1.95019e-06 -4.09782e-07
0 0 714 -1.96323e-06 -1.62702e-06 -1.95019e-06 -4.09782e-07
0 0 715 -1.96323e-06 -1.62702e-06 -1.95019e-06 -4.09782e-07
0 0 716 -1.96323e-06 -1.62702e-06 -1.95019e-06 -4.09782e-07
0 0 717 -1.96323e-06 -1.62702e-06 -1.95019e-06 -4.09782e-07
0 0 718 -1.96323e-06 -1.62702e-06 -1.95019e-06 -4.09782e-07
0 0 719 -1.96323e-06 -1.62702e-06 -1.95019e-06 -4.09782e-07
0 0 720 -1.96323e-06 -1.62702e-06 -1.95019e-06 -4.09782e-07
0 0 721 -1.96323e-06 -1.62702e-06 -1.95019e-06 -4.09782e-07
0 0 722 -1.96323e-06 -1.62702e-06 -1.95019e-06 -4.09782e-07
0 0 723 -1.96323e-06 -1.62702e-06 -1.95019e-06 -4.09782e-07
0 0 724 -1.96323e-06 -1.62702e-06 -1.95019e-06 -4.09782e-07
0 0 725 -1.96323e-06 -1.62702e-06 -1.95019e-06 -4.09782e-07
0 0 726 -1.96323e-06 -1.62702e-06 -1.95019e-06 -4.09782e-07
0 0 727 -1.96323e-06 -1.62702e-06 -1.95019e-06 -4.09782e-07
0 0 728 -1.96323e-06 -1.62702e-06 -1.95019e-06 -4.09782e-07
0 0 729 -1.96323e-06 -1.62702e-06 -1.95019e-06 -4.09782e-07
0 0 730 -1.96323e-06 -1.62702e-06 -1.95019e-06 -4.09782e-07
0 0 731 -1.96323e-06 -1.62702e-06 -1.95019e-06 -4.09782e-07
0 0 732 -1.96323e-06 -1.62702e-06 -1.95019e-06 -4.09782e-07
0 0 733 -1.96323e-06 -1.62702e-06 -1.95019e-06 -4.09782e-07
0 0 734 -1.96323e-06 -1.62702e-06 -1.95019e-06 -4.09782e-07
0 0 735 -1.96323e-06 -1.62702e-06 -1.95019e-06 -4.09782e-07
0 0 736 -1.96323e-06 -1.62702e-06 -1.95019e-06 -4.09782e-07
0 0 737 -1.96323e-06 -1.62702e-06 -1.95019e-06 -4.09782e-07
0 0 738 -1.96323e-06 -1.62702e-06 -1.95019e-06 -4.09782e-07
0 0 739 -1.96323e-06 -1.62702e-06 -1.95019e-06 -4.09782e-07
0 0 740 -1.96323e-06 -1.62702e-06 -1.95019e-06 -4.09782e-07
0 0 741 -1.96323e-06 -1.62702e-06 -1.95019e-06 -4.09782e-07
0 0 742 -1.96323e-06 -1.62702e-06 -1.95019e-06 -4.09782e-07
0 0 743 -1.96323e-06 -1.62702e-06 -1.95019e-06 -4.09782e-07
0 0 744 -1.96323e-06 -1.62702e-06 -1.95019e-06 -4.09782e-07
0 0 745 -1.96323e-06 -1.62702e-06 -1.95019e-06 -4.09782e-07
0 0 746 -1.96323e-06 -1.62702e-06 -1.95019e-06 -4.09782e-07
0 0 747 -1.96323e-06 -1.62702e-06 -1.95019e-06 -4.09782e-07
0 0 748 -1.96323e-06 -1.62702e-06 -1.95019e-06 -4.09782e-07
0 0 749 -1.96323e-06 -1.62702e-06 -1.95019e-06 -4.09782e-07
0 0 750 -1.96323e-06 -1.62702e-06 -1.95019e-06 -4.09782e-07
0 0 751 -1.96323e-06 -1.62702e-06 -1.95019e-06 -4.09782e-07
0 0 752 -1.96323e-06 -1.62702e-06 -1.95019e-06 -4.09782e-07
0 0 753 -1.96323e-06 -1.62702e-06 -1.95019e-06 -4.09782e-07
0 0 754 -1.96323e-06 -1.62702e-06 -1.95019e-06 -4.09782e-07
0 0 755 -1.96323e-06 -1.62702e-06 -1.95019e-06 -4.09782e-07
0 0 756 -1.96323e-06 -1.62702e-06 -1.95019e-06 -4.09782e-07
0 0 757 -1.96323e-06 -1.62702e-06 -1.95019e-06 -4.09782e-07
0 0 758 -1.96323e-06 -1.62702e-06 -1.95019e-06 -4.09782e-07
0 0 759 -1.96323e-06 -1.62702e-06 -1.95019e-06 -4.09782e-07
0 0 760 -1.96323e-06 -1.62702e-06 -1.95019e-06 -4.09782e-07
0 0 761 -1.96323e-06 -1.62702e-06 -1.95019e-06 -4.09782e-07
0 0 762 -1.96323e-06 -1.62702e-06 -1.95019e-06 -4.09782e-07
0 0 763 -1.96323e-06 -1.62702e-06 -1.95019e-06 -4.09782e-07
0 0 764 -1.96323e-06 -1.62702e-06 -1.95019e-06 -4.09782e-07
0 0 765 -1.96323e-06 -1.62702e-06 -1.95019e-06 -4.09782e-07
0 0 766 -1.96323e-06 -1.62702e-06 -1.95019e-06 -4.09782e-07
0 0 767 -1.96323e-06 -1.62702e-06 -1.95019e-06 -4.09782e-07
0 0 768 -1.96323e-06 -1.62702e-06 -1.95019e-06 -4.09782e-07
0 0 769 -1.96323e-06 -1.62702e-06 -1.95019e-06 -4.09782e-07
0 0 770 -1.96323e-06 -1.62702e-06 -1.95019e-06 -4.09782e-07
0 0 771 -1.96323e-06 -1.62702e-06 -1.95019e-06 -4.09782e-07
0 0 772 -1.96323e-06 -1.62702e-06 -1.95019e-06 -4.09782e-07
0 0 773 -1.96323e-06 -1.62702e-06 -1.95019e-06 -4.09782e-07
0 0 774 -1.96323e-06 -1.62702e-06 -1.95019e-06 -4.09782e-07
0 0 775 -1.96323e-06 -1.62702e-06 -1.95019e-06 -4.09782e-07
0 0 776 -1.96323e-06 -1.62702e-06 -1.95019e-06 -4.09782e-07
0 0 777 -1.96323e-06 -1.62702e-06 -1.95019e-06 -4.09782e-07
0 0 778 -1.96323e-06 -1.62702e-06 -1.95019e-06 -4.09782e-07
0 0 779 -1.96323e-06 -1.62702e-06 -1.95019e-06 -4.09782e-07
0 0 780 -1.96323e-06 -1.62702e-06 -1.95019e-06 -4.09782e-07
0 0 781 -1.96323e-06 -1.62702e-06 -1.95019e-06 -4.09782e-07
0 0 782 -1.96323e-06 -1.62702e-06 -1.95019e-06 -4.09782e-07
0 0 783 -1.96323e-06 -1.62702e-06 -1.95019e-06 -4.09782e-07
0 0 784 -1.96323e-06 -1.62702e-06 -1.95019e-06 -4.09782e-07
0 0 785 -1.96323e-06 -1.62702e-06 -1.95019e-06 -4.09782e-07
0 0 786 -1.96323e-06 -1.62702e-06 -1.95019e-06 -4.09782e-07
0 0 787 -1.96323e-06 -1.62702e-06 -1.95019e-06 -4.09782e-07
0 0 788 -1.96323e-06 -1.62702e-06 -1.95019e-06 -4.09782e-07
0 0 789 -1.96323e-06 -1.62702e-06 -1.95019e-06 -4.09782e-07
0 0 790 -1.96323e-06 -1.62702e-06 -1.95019e-06 -4.09782e-07
0 0 791 -1.96323e-06 -1.62702e-06 -1.95019e-06 -4.09782e-07
0 0 792 -1.96323e-06 -1.62702e-06 -1.95019e-06 -4.09782e-07
0 0 793 -1.96323e-06 -1.62702e-06 -1.95019e-06 -4.09782e-07
0 0 794 -1.96323e-06 -1.62702e-06 -1.95019e-06 -4.09782e-07
0 0 795 -1.96323e-06 -1.62702e-06 -1.95019e-06 -4.09782e-07
0 0 796 -1.96323e-06 -1.62702e-06 -1.95019e-06 -4.09782e-07
0 0 797 -1.96323e-06 -1.62702e-06 -1.95019e-06 -4.09782e-07
0 0 798 -1.96323e-06 -1.62702e-06 -1.95019e-06 -4.09782e-07
0 0 799 -1.96323e-06 -1.62702e-06 -1.95019e-06 -4.09782e-07
0 0 800 -1.96323e-06 -1.62702e-06 -1.95019e-06 -4.09782e-07
0 0 801 -1.96323e-06 -1.62702e-06 -1.95019e-06 -4.09782e-07
0 0 802 -1.96323e-06 -1.62702e-06 -1.95019e-06 -4.09782e-07
0 0 803 -1.96323e-06 -1.62702e-06 -1.95019e-06 -4.09782e-07
0 0 804 -1.96323e-06 -1.62702e-06 -1.95019e-06 -4.09782e-07
0 0 805 -1.96323e-06 -1.62702e-06 -1.95019e-06 -4.09782e-07
0 0 806 -1.96323e-06 -1.62702e-06 -1.95019e-06 -4.09782e-07
0 0 807 -1.96323e-06 -1.62702e-06 -1.95019e-06 -4.09782e-07
0 0 808 -1.96323e-06 -1.62702e-06 -1.95019e-06 -4.09782e-07
0 0 809 -1.96323e-06 -1.62702e-06 -1.95019e-06 -4.09782e-07
0 0 810 -1.96323e-06 -1.62702e-06 -1.95019e-06 -4.09782e-07
0 0 811 -1.96323e-06 -1.62702e-06 -1.95019e-06 -4.09782e-07
0 0 812 -1.96323e-06 -1.62702e-06 -1.95019e-06 -4.09782e-07
0 0 813 -1.96323e-06 -1.62702e-06 -1.95019e-06 -4.09782e-07
0 0 814 -1.96323e-06 -1.62702e-06 -1.95019e-06 -4.09782e-07
0 0 815 -1.96323e-06 -1.62702e-06 -1.95019e-06 -4.09782e-07
0 0 816 -1.96323e-06 -1.62702e-06 -1.95019e-06 -4.09782e-07
0 0 817 -1.96323e-06 -1.62702e-06 -1.95019e-06 -4.09782e-07
0 0 818 -1.96323e-06 -1.62702e-06 -1.95019e-06 -4.09782e-07
0 0 819 -1.96323e-06 -1.62702e-06 -1.95019e-06 -4.09782e-07
0 0 820 -1.96323e-06 -1.62702e-06 -1.95019e-06 -4.09782e-07
0 0 821 -1.96323e-06 -1.62702e-06 -1.95019e-06 -4.09782e-07
0 0 822 -1.96323e-06 -1.62702e-06 -1.95019e-06 -4.09782e-07
0 0 823 -1.96323e-06 -1.62702e-06 -1.95019e-06 -4.09782e-07
0 0 824 -1.96323e-06 -1.62702e-06 -1.95019e-06 -4.09782e-07
0 0 825 -1.96323e-06 -1.62702e-06 -1.95019e-06 -4.09782e-07
0 0 826 -1.96323e-06 -1.62702e-06 -1.95019e-06 -4.09782e-07
0 0 827 -1.96323e-06 -1.62702e-06 -1.95019e-06 -4.09782e-07
0 0 828 -1.96323e-06 -1.62702e-06 -1.95019e-06 -4.09782e-07
0 0 829 -1.96323e-06 -1.62702e-06 -1.95019e-06 -4.09782e-07
0 0 830 -1.96323e-06 -1.62702e-06 -1.95019e-06 -4.09782e-07
0 0 831 -1.96323e-06 -1.62702e-06 -1.95019e-06 -4.09782e-07
0 0 832 -1.96323e-06 -1.62702e-06 -1.95019e-06 -4.09782e-07
0 0 833 -1.96323e-06 -1.62702e-06 -1.95019e-06 -4.09782e-07
0 0 834 -1.96323e-06 -1.62702e-06 -1.95019e-06 -4.09782e-07
0 0 835 -1.96323e-06 -1.62702e-06 -1.95019e-06 -4.09782e-07
0 0 836 -1.96323e-06 -1.62702e-06 -1.95019e-06 -4.09782e-07
0 0 837 -1.96323e-06 -1.62702e-06 -1.95019e-06 -4.09782e-07
0 0 838 -1.96323e-06 -1.62702e-06 -1.95019e-06 -4.09782e-07
0 0 839 -1.96323e-06 -1.62702e-06 -1.95019e-06 -4.09782e-07
0 0 840 -1.96323e-06 -1.62702e-06 -1.95019e-06 -4.09782e-07
0 0 841 -1.96323e-06 -1.62702e-06 -1.95019e-06 -4.09782e-07
0 0 842 -1.96323e-06 -1.62702e-06 -1.95019e-06 -4.09782e-07
0 0 843 -1.96323e-06 -1.62702e-06 -1.95019e-06 -4.09782e-07
0 0 844 -1.96323e-06 -1.62702e-06 -1.95019e-06 -4.09782e-07
0 0 845 -1.96323e-06 -1.62702e-06 -1.95019e-06 -4.09782e-07
0 0 846 -1.96323e-06 -1.62702e-06 -1.95019e-06 -4.09782e-07
0 0 847 -1.96323e-06 -1.62702e-06 -1.95019e-06 -4.09782e-07
0 0 848 -1.96323e-06 -1.62702e-06 -1.95019e-06 -4.09782e-07
0 0 849 -1.96323e-06 -1.62702e-06 -1.95019e-06 -4.09782e-07
0 0 850 -1.96323e-06 -1.62702e-06 -1.95019e-06 -4.09782e-07
0 0 851 -1.96323e-06 -1.62702e-06 -1.95019e-06 -4.09782e-07
0 0 852 -1.96323e-06 -1.62702e-06 -1.95019e-06 -4.09782e-07
0 0 853 -1.96323e-06 -1.62702e-06 -1.95019e-06 -4.09782e-07
0 0 854 -1.96323e-06 -1.62702e-06 -1.95019e-06 -4.09782e-07
0 0 855 -1.96323e-06 -1.62702e-06 -1.95019e-06 -4.09782e-07
0 0 856 -1.96323e-06 -1.62702e-06 -1.95019e-06 -4.09782e-07
0 0 857 -1.96323e-06 -1.62702e-06 -1.95019e-06 -4.09782e-07
0 0 858 -1.96323e-06 -1.62702e-06 -1.95019e-06 -4.09782e-07
0 0 859 -1.96323e-06 -1.62702e-06 -1.95019e-06 -4.09782e-07
0 0 860 -1.96323e-06 -1.62702e-06 -1.95019e-06 -4.09782e-07
0 0 861 -1.96323e-06 -1.62702e-06 -1.95019e-06 -4.09782e-07
0 0 862 -1.96323e-06 -1.62702e-06 -1.95019e-06 -4.09782e-07
0 0 863 -1.96323e-06 -1.62702e-06 -1.95019e-06 -4.09782e-07
0 0 864 -1.96323e-06 -1.62702e-06 -1.95019e-06 -4.09782e-07
0 0 865 -1.96323e-06 -1.62702e-06 -1.95019e-06 -4.09782e-07
0 0 866 -1.96323e-06 -1.62702e-06 -1.95019e-06 -4.09782e-07
0 0 867 -1.96323e-06 -1.62702e-06 -1.95019e-06 -4.09782e-07
0 0 868 -1.96323e-06 -1.62702e-06 -1.95019e-06 -4.09782e-07
0 0 869 -1.96323e-06 -1.62702e-06 -1.95019e-06 -4.09782e-07
0 0 870 -1.96323e-06 -1.62702e-06 -1.95019e-06 -4.09782e-07
0 0 871 -1.96323e-06 -1.62702e-06 -1.95019e-06 -4.09782e-07
0 0 872 -1.96323e-06 -1.62702e-06 -1.95019e-06 -4.09782e-07
0 0 873 -1.96323e-06 -1.62702e-06 -1.95019e-06 -4.09782e-07
0 0 874 -1.96323e-06 -1.62702e-06 -1.95019e-06 -4.09782e-07
0 0 875 -1.96323e-06 -1.62702e-06 -1.95019e-06 -4.09782e-07
0 0 876 -1.96323e-06 -1.62702e-06 -1.95019e-06 -4.09782e-07
0 0 877 -1.96323e-06 -1.62702e-06 -1.95019e-06 -4.09782e-07
0 0 878 -1.96323e-06 -1.62702e-06 -1.95019e-06 -4.09782e-07
0 0 879 -1.96323e-06 -1.62702e-06 -1.95019e-06 -4.09782e-07
0 0 880 -1.96323e-06 -1.62702e-06 -1.95019e-06 -4.09782e-07
0 0 881 -1.96323e-06 -1.62702e-06 -1.95019e-06 -4.09782e-07
0 0 882 -1.96323e-06 -1.62702e-06 -1.95019e-06 -4.09782e-07
0 0 883 -1.96323e-06 -1.62702e-06 -1.95019e-06 -4.09782e-07
0 0 884 -1.96323e-06 -1.62702e-06 -1.95019e-06 -4.09782e-07
0 0 885 -1.96323e-06 -1.62702e-06 -1.95019e-06 -4.09782e-07
0 0 886 -1.96323e-06 -1.62702e-06 -1.95019e-06 -4.09782e-07
0 0 887 -1.96323e-06 -1.62702e-06 -1.95019e-06 -4.09782e-07
0 0 888 -1.96323e-06 -1.62702e-06 -1.95019e-06 -4.09782e-07
0 0 889 -1.96323e-06 -1.62702e-06 -1.95019e-06 -4.09782e-07
0 0 890 -1.96323e-06 -1.62702e-06 -1.95019e-06 -4.09782e-07
0 0 891 -1.96323e-06 -1.62702e-06 -1.95019e-06 -4.09782e-07
0 0 892 -1.96323e-06 -1.62702e-06 -1.95019e-06 -4.09782e-07
0 0 893 -1.96323e-06 -1.62702e-06 -1.95019e-06 -4.09782e-07
0 0 894 -1.96323e-06 -1.62702e-06 -1.95019e-06 -4.09782e-07
0 0 895 -1.96323e-06 -1.62702e-06 -1.95019e-06 -4.09782e-07
0 0 896 -1.96323e-06 -1.62702e-06 -1.95019e-06 -4.09782e-07
0 0 897 -1.96323e-06 -1.62702e-06 -1.95019e-06 -4.09782e-07
0 0 898 -1.96323e-06 -1.62702e-06 -1.95019e-06 -4.09782e-07
0 0 899 -1.96323e-06 -1.62702e-06 -1.95019e-06 -4.09782e-07
0 0 900 -1.96323e-06 -1.62702e-06 -1.95019e-06 -4.09782e-07
0 0 901 -1.96323e-06 -1.62702e-06 -1.95019e-06 -4.09782e-07
0 0 902 -1.96323e-06 -1.62702e-06 -1.95019e-06 -4.09782e-07
0 0 903 -1.96323e-06 -1.62702e-06 -1.95019e-06 -4.09782e-07
0 0 904 -1.96323e-06 -1.62702e-06 -1.95019e-06 -4.09782e-07
0 0 905 -1.96323e-06 -1.62702e-06 -1.95019e-06 -4.09782e-07
0 0 906 -1.96323e-06 -1.62702e-06 -1.95019e-06 -4.09782e-07
0 0 907 -1.96323e-06 -1.62702e-06 -1.95019e-06 -4.09782e-07
0 0 908 -1.96323e-06 -1.62702e-06 -1.95019e-06 -4.09782e-07
0 0 909 -1.96323e-06 -1.62702e-06 -1.95019e-06 -4.09782e-07
0 0 910 -1.96323e-06 -1.62702e-06 -1.95019e-06 -4.09782e-07
0 0 911 -1.96323e-06 -1.62702e-06 -1.95019e-06 -4.09782e-07
0 0 912 -1.96323e-06 -1.62702e-06 -1.95019e-06 -4.09782e-07
0 0 913 -1.96323e-06 -1.62702e-06 -1.95019e-06 -4.09782e-07
0 0 914 -1.96323e-06 -1.62702e-06 -1.95019e-06 -4.09782e-07
0 0 915 -1.96323e-06 -1.62702e-06 -1.95019e-06 -4.09782e-07
0 0 916 -1.96323e-06 -1.62702e-06 -1.95019e-06 -4.09782e-07
0 0 917 -1.96323e-06 -1.62702e-06 -1.95019e-06 -4.09782e-07
0 0 918 -1.96323e-06 -1.62702e-06 -1.95019e-06 -4.09782e-07
0 0 919 -1.96323e-06 -1.62702e-06 -1.95019e-06 -4.09782e-07
0 0 920 -1.96323e-06 -1.62702e-06 -1.95019e-06 -4.09782e-07
0 0 921 -1.96323e-06 -1.62702e-06 -1.95019e-06 -4.09782e-07
0 0 922 -1.96323e-06 -1.62702e-06 -1.95019e-06 -4.09782e-07
0 0 923 -1.96323e-06 -1.62702e-06 -1.95019e-06 -4.09782e-07
0 0 924 -1.96323e-06 -1.62702e-06 -1.95019e-06 -4.09782e-07
0 0 925 -1.96323e-06 -1.62702e-06 -1.95019e-06 -4.09782e-07
0 0 926 -1.96323e-06 -1.62702e-06 -1.95019e-06 -4.09782e-07
0 0 927 -1.96323e-06 -1.62702e-06 -1.95019e-06 -4.09782e-07
0 0 928 -1.96323e-06 -1.62702e-06 -1.95019e-06 -4.09782e-07
0 0 929 -1.96323e-06 -1.62702e-06 -1.95019e-06 -4.09782e-07
0 0 930 -1.96323e-06 -1.62702e-06 -1.95019e-06 -4.09782e-07
0 0 931 -1.96323e-06 -1.62702e-06 -1.95019e-06 -4.09782e-07
0 0 932 -1.96323e-06 -1.62702e-06 -1.95019e-06 -4.09782e-07
0 0 933 -1.96323e-06 -1.62702e-06 -1.95019e-06 -4.09782e-07
0 0 934 -1.96323e-06 -1.62702e-06 -1.95019e-06 -4.09782e-07
0 0 935 -1.96323e-06 -1.62702e-06 -1.95019e-06 -4.09782e-07
0 0 936 -1.96323e-06 -1.62702e-06 -1.95019e-06 -4.09782e-07
0 0 937 -1.96323e-06 -1.62702e-06 -1.95019e-06 -4.09782e-07
0 0 938 -1.96323e-06 -1.62702e-06 -1.95019e-06 -4.09782e-07
0 0 939 -1.96323e-06 -1.62702e-06 -1.95019e-06 -4.09782e-07
0 0 940 -1.96323e-06 -1.62702e-06 -1.95019e-06 -4.09782e-07
0 0 941 -1.96323e-06 -1.62702e-06 -1.95019e-06 -4.09782e-07
0 0 942 -1.96323e-06 -1.62702e-06 -1.95019e-06 -4.09782e-07
0 0 943 -1.96323e-06 -1.62702e-06 -1.95019e-06 -4.09782e-07
0 0 944 -1.96323e-06 -1.62702e-06 -1.95019e-06 -4.09782e-07
0 0 945 -1.96323e-06 -1.62702e-06 -1.95019e-06 -4.09782e-07
0 0 946 -1.96323e-06 -1.62702e-06 -1.95019e-06 -4.09782e-07
0 0 947 -1.96323e-06 -1.62702e-06 -1.95019e-06 -4.09782e-07
0 0 948 -1.96323e-06 -1.62702e-06 -1.95019e-06 -4.09782e-07
0 0 949 -1.96323e-06 -1.62702e-06 -1.95019e-06 -4.09782e-07
0 0 950 -1.96323e-06 -1.62702e-06 -1.95019e-06 -4.09782e-07
0 0 951 -1.96323e-06 -1.62702e-06 -1.95019e-06 -4.09782e-07
0 0 952 -1.96323e-06 -1.62702e-06 -1.95019e-06 -4.09782e-07
0 0 953 -1.96323e-06 -1.62702e-06 -1.95019e-06 -4.09782e-07
0 0 954 -1.96323e-06 -1.62702e-06 -1.95019e-06 -4.09782e-07
0 0 955 -1.96323e-06 -1.62702e-06 -1.95019e-06 -4.09782e-07
0 0 956 -1.96323e-06 -1.62702e-06 -1.95019e-06 -4.09782e-07
0 0 957 -1.96323e-06 -1.62702e-06 -1.95019e-06 -4.09782e-07
0 0 958 -1.96323e-06 -1.62702e-06 -1.95019e-06 -4.09782e-07
0 0 959 -1.96323e-06 -1.62702e-06 -1.95019e-06 -4.09782e-07
0 0 960 -1.96323e-06 -1.62702e-06 -1.95019e-06 -4.09782e-07
0 0 961 -1.96323e-06 -1.62702e-06 -1.95019e-06 1.72667e-06
0 0 962 7.85813e-05 7.19568e-05 1.50409e-05 -6.94906e-05
0 0 963 -7.1805e-05 -6.36131e-05 -1.52336e-05 5.9057e-05
0 0 964 -1.96323e-06 -1.62702e-06 -1.95019e-06 -4.09782e-07
0 0 965 -1.96323e-06 -1.62702e-06 -1.95019e-06 -4.09782e-07
0 0 966 -1.96323e-06 -1.62702e-06 -1.95019e-06 -4.09782e-07
0 0 967 -1.96323e-06 -1.62702e-06 -1.95019e-06 -4.09782e-07
0 0 968 -1.96323e-06 -1.62702e-06 -1.95019e-06 -4.09782e-07
0 0 969 -1.96323e-06 -1.62702e-06 -1.95019e-06 -4.09782e-07
0 0 970 -1.96323e-06 -1.62702e-06 -1.95019e-06 -4.09782e-07
0 0 971 -1.96323e-06 -1.62702e-06 -1.95019e-06 -4.09782e-07
0 0 972 -1.96323e-06 -1.62702e-06 -1.95019e-06 -4.09782e-07
0 0 973 -1.96323e-06 -1.62702e-06 -1.95019e-06 -4.09782e-07
0 0 974 -1.96323e-06 -1.62702e-06 -1.95019e-06 -4.09782e-07
0 0 975 -1.96323e-06 -1.62702e-06 -1.95019e-06 -4.09782e-07
0 0 976 -1.96323e-06 -1.62702e-06 -1.95019e-06 -4.09782e-07
0 0 977 -1.96323e-06 -1.62702e-06 -1.95019e-06 -4.09782e-07
0 0 978 -1.96323e-06 -1.62702e-06 -1.95019e-06 -4.09782e-07
0 0 979 -1.96323e-06 -1.62702e-06 -1.95019e-06 -4.09782e-07
0 0 980 -1.96323e-06 -1.62702e-06 -1.95019e-06 -4.09782e-07
0 0 981 -1.96323e-06 -1.62702e-06 -1.95019e-06 -4.09782e-07
0 0 982 -1.96323e-06 -1.62702e-06 -1.95019e-06 -4.09782e-07
0 0 983 -1.96323e-06 -1.62702e-06 -1.95019e-06 -4.09782e-07
0 0 984 -1.96323e-06 -1.62702e-06 -1.95019e-06 -4.09782e-07
0 0 985 -1.96323e-06 -1.62702e-06 -1.95019e-06 -4.09782e-07
0 0 986 -1.96323e-06 -1.62702e-06 -1.95019e-06 -4.09782e-07
0 0 987 -1.96323e-06 -1.62702e-06 -1.95019e-06 -4.09782e-07
0 0 988 -1.96323e-06 -1.62702e-06 -1.95019e-06 -4.09782e-07
0 0 989 -1.96323e-06 -1.62702e-06 -1.95019e-06 -4.09782e-07
0 0 990 -1.96323e-06 -1.62702e-06 -1.95019e-06 -4.09782e-07
0 0 991 -1.96323e-06 -1.62702e-06 -1.95019e-06 -4.09782e-07
0 0 992 -1.96323e-06 -1.62702e-06 -1.95019e-06 -4.09782e-07
0 0 993 -1.96323e-06 -1.62702e-06 -1.95019e-06 -4.09782e-07
0 0 994 -1.96323e-06 -1.62702e-06 -1.95019e-06 -4.09782e-07
0 0 995 -1.96323e-06 -1.62702e-06 -1.95019e-06 -4.09782e-07
0 0 996 -1.96323e-06 -1.62702e-06 -1.95019e-06 -4.09782e-07
0 0 997 -1.96323e-06 -1.62702e-06 -1.95019e-06 -4.09782e-07
0 0 998 -1.96323e-06 -1.62702e-06 -1.95019e-06 -4.09782e-07
0 0 999 -1.96323e-06 -1.62702e-06 -1.95019e-06 -4.09782e-07
0 0 1000 -1.96323e-06 -1.62702e-06 -1.95019e-06 -4.09782e-07
0 0 1001 -1.96323e-06 -1.62702e-06 -1.95019e-06 -4.09782e-07
0 0 1002 -1.96323e-06 -1.62702e-06 -1.95019e-06 -4.09782e-07
0 0 1003 -1.96323e-06 -1.62702e-06 -1.95019e-06 -4.09782e-07
0 0 1004 -1.96323e-06 -1.62702e-06 -1.95019e-06 -4.09782e-07
0 0 1005 -1.96323e-06 -1.62702e-06 -1.95019e-06 -4.09782e-07
0 0 1006 -1.96323e-06 -1.62702e-06 -1.95019e-06 -4.09782e-07
0 0 1007 -1.96323e-06 -1.62702e-06 -1.95019e-06 -4.09782e-07
0 0 1008 -1.96323e-06 -1.62702e-06 -1.95019e-06 -4.09782e-07
0 0 1009 -1.96323e-06 -1.62702e-06 -1.95019e-06 -4.09782e-07
0 0 1010 -1.96323e-06 -1.62702e-06 -1.95019e-06 -4.09782e-07
0 0 1011 -1.96323e-06 -1.62702e-06 -1.95019e-06 -4.09782e-07
0 0 1012 -1.96323e-06 -1.62702e-06 -1.95019e-06 -4.09782e-07
0 0 1013 -1.96323e-06 -1.62702e-06 -1.95019e-06 -4.09782e-07
0 0 1014 -1.96323e-06 -1.62702e-06 -1.95019e-06 -4.09782e-07
0 0 1015 -1.96323e-06 -1.62702e-06 -1.95019e-06 -4.09782e-07
0 0 1016 -1.96323e-06 -1.62702e-06 -1.95019e-06 -4.09782e-07
0 0 1017 -1.96323e-06 -1.62702e-06 -1.95019e-06 -4.09782e-07
0 0 1018 -1.96323e-06 -1.62702e-06 1.44821e-06 -4.09782e-07
0 0 1019 -1.96323e-06 -1.62702e-06 -1.95019e-06 1.72667e-06
0 0 1020 -1.96323e-06 -1.62702e-06 -1.95019e-06 -4.09782e-07
0 0 1021 -1.96323e-06 -1.62702e-06 -1.95019e-06 -4.09782e-07
0 0 1022 -1.96323e-06 -1.62702e-06 -1.95019e-06 -4.09782e-07
0 0 1023 -1.96323e-06 -1.62702e-06 -1.95019e-06 -4.09782e-07
