0 0 0 -9.35793e-06 -1.055e-05 -1.38581e-06 6.03497e-07
0 0 1 -9.35793e-06 -1.055e-05 -1.38581e-06 6.03497e-07
0 0 2 -9.35793e-06 -1.055e-05 -1.38581e-06 6.03497e-07
0 0 3 -9.35793e-06 -1.055e-05 -1.38581e-06 6.03497e-07
0 0 4 -9.35793e-06 -1.055e-05 -1.38581e-06 6.03497e-07
0 0 5 -9.35793e-06 -1.055e-05 -1.38581e-06 6.03497e-07
0 0 6 -9.35793e-06 -1.055e-05 -1.38581e-06 6.03497e-07
0 0 7 -9.35793e-06 -1.055e-05 -1.38581e-06 6.03497e-07
0 0 8 -9.35793e-06 -1.055e-05 -1.38581e-06 6.03497e-07
0 0 9 -9.35793e-06 -1.055e-05 -1.38581e-06 6.03497e-07
0 0 10 -9.35793e-06 -1.055e-05 -1.38581e-06 6.03497e-07
0 0 11 -9.35793e-06 -1.055e-05 -1.38581e-06 6.03497e-07
0 0 12 -9.35793e-06 -1.055e-05 -1.38581e-06 6.03497e-07
0 0 13 -9.35793e-06 -1.055e-05 -1.38581e-06 6.03497e-07
0 0 14 -9.35793e-06 -1.055e-05 -1.38581e-06 6.03497e-07
0 0 15 -9.35793e-06 -1.055e-05 -1.38581e-06 6.03497e-07
0 0 16 -9.35793e-06 -1.055e-05 -1.38581e-06 6.03497e-07
0 0 17 -9.35793e-06 -1.055e-05 -1.38581e-06 6.03497e-07
0 0 18 -9.35793e-06 -1.055e-05 -1.38581e-06 6.03497e-07
0 0 19 -9.35793e-06 -1.055e-05 -1.38581e-06 6.03497e-07
0 0 20 -9.35793e-06 -1.055e-05 -1.38581e-06 6.03497e-07
0 0 21 -9.35793e-06 -1.055e-05 -1.38581e-06 6.03497e-07
0 0 22 -9.35793e-06 -1.055e-05 -1.38581e-06 6.03497e-07
0 0 23 -9.35793e-06 -1.055e-05 -1.38581e-06 6.03497e-07
0 0 24 -9.35793e-06 -1.055e-05 -1.38581e-06 6.03497e-07
0 0 25 -9.35793e-06 -1.055e-05 -1.38581e-06 6.03497e-07
0 0 26 -9.35793e-06 -1.055e-05 -1.38581e-06 6.03497e-07
0 0 27 -9.35793e-06 -1.055e-05 -1.38581e-06 6.03497e-07
0 0 28 -9.35793e-06 -1.055e-05 -1.38581e-06 6.03497e-07
0 0 29 -9.35793e-06 -1.055e-05 -1.38581e-06 6.03497e-07
0 0 30 -9.35793e-06 -1.055e-05 -1.38581e-06 6.03497e-07
0 0 31 -9.35793e-06 -1.055e-05 -1.38581e-06 6.03497e-07
0 0 32 -9.35793e-06 -1.055e-05 -1.38581e-06 6.03497e-07
0 0 33 -9.35793e-06 -1.055e-05 -1.38581e-06 6.03497e-07
0 0 34 -9.35793e-06 -1.055e-05 -1.38581e-06 6.03497e-07
0 0 35 -9.35793e-06 -1.055e-05 -1.38581e-06 6.03497e-07
0 0 36 -9.35793e-06 -1.055e-05 -1.38581e-06 6.03497e-07
0 0 37 -9.35793e-06 -1.055e-05 -1.38581e-06 6.03497e-07
0 0 38 -9.35793e-06 -1.055e-05 -1.38581e-06 6.03497e-07
0 0 39 -9.35793e-06 -1.055e-05 -1.38581e-06 6.03497e-07
0 0 40 -9.35793e-06 -1.055e-05 -1.38581e-06 6.03497e-07
0 0 41 -9.35793e-06 -1.055e-05 -1.38581e-06 6.03497e-07
0 0 42 -9.35793e-06 -1.055e-05 -1.38581e-06 6.03497e-07
0 0 43 -9.35793e-06 -1.055e-05 -1.38581e-06 6.03497e-07
0 0 44 -9.35793e-06 -1.055e-05 -1.38581e-06 6.03497e-07
0 0 45 -9.35793e-06 -1.055e-05 -1.38581e-06 6.03497e-07
0 0 46 -9.35793e-06 -1.055e-05 -1.38581e-06 6.03497e-07
0 0 47 -9.35793e-06 -1.055e-05 -1.38581e-06 6.03497e-07
0 0 48 -9.35793e-06 -1.055e-05 -1.38581e-06 6.03497e-07
0 0 49 -9.35793e-06 -1.055e-05 -1.38581e-06 6.03497e-07
0 0 50 -9.35793e-06 -1.055e-05 -1.38581e-06 6.03497e-07
0 0 51 -9.35793e-06 -1.055e-05 -1.38581e-06 6.03497e-07
0 0 52 -9.35793e-06 -1.055e-05 -1.38581e-06 6.03497e-07
0 0 53 -9.35793e-06 -1.055e-05 -1.38581e-06 6.03497e-07
0 0 54 -9.35793e-06 -1.055e-05 -1.38581e-06 6.03497e-07
0 0 55 -9.35793e-06 -1.055e-05 -1.38581e-06 6.03497e-07
0 0 56 -9.35793e-06 -1.055e-05 -1.38581e-06 6.03497e-07
0 0 57 -9.35793e-06 -1.055e-05 -1.38581e-06 6.03497e-07
0 0 58 -9.35793e-06 -1.055e-05 -1.38581e-06 6.03497e-07
0 0 59 -9.35793e-06 -1.055e-05 -1.38581e-06 6.03497e-07
0 0 60 -9.35793e-06 -1.055e-05 -1.38581e-06 6.03497e-07
0 0 61 -9.35793e-06 -1.055e-05 -1.38581e-06 6.03497e-07
0 0 62 -9.35793e-06 -1.055e-05 -1.38581e-06 6.03497e-07
0 0 63 -9.35793e-06 -1.055e-05 -1.38581e-06 6.03497e-07
0 0 64 -9.35793e-06 -1.055e-05 -1.38581e-06 6.03497e-07
0 0 65 -9.35793e-06 -1.055e-05 -1.38581e-06 6.03497e-07
0 0 66 -9.35793e-06 -1.055e-05 -1.38581e-06 6.03497e-07
0 0 67 -9.35793e-06 -1.055e-05 -1.38581e-06 6.03497e-07
0 0 68 -9.35793e-06 -1.055e-05 -1.38581e-06 6.03497e-07
0 0 69 -9.35793e-06 -1.055e-05 -1.38581e-06 6.03497e-07
0 0 70 -9.35793e-06 -1.055e-05 -1.38581e-06 6.03497e-07
0 0 71 -9.35793e-06 -1.055e-05 -1.38581e-06 6.03497e-07
0 0 72 -9.35793e-06 -1.055e-05 -1.38581e-06 6.03497e-07
0 0 73 -9.35793e-06 -1.055e-05 -1.38581e-06 6.03497e-07
0 0 74 -9.35793e-06 -1.055e-05 -1.38581e-06 6.03497e-07
0 0 75 -9.35793e-06 -1.055e-05 -1.38581e-06 6.03497e-07
0 0 76 -9.35793e-06 -1.055e-05 -1.38581e-06 6.03497e-07
0 0 77 -9.35793e-06 -1.055e-05 -1.38581e-06 6.03497e-07
0 0 78 -9.35793e-06 -1.055e-05 -1.38581e-06 6.03497e-07
0 0 79 -9.35793e-06 -1.055e-05 -1.38581e-06 6.03497e-07
0 0 80 -9.35793e-06 -1.055e-05 -1.38581e-06 6.03497e-07
0 0 81 -9.35793e-06 -1.055e-05 -1.38581e-06 6.03497e-07
0 0 82 -9.35793e-06 -1.055e-05 -1.38581e-06 6.03497e-07
0 0 83 -9.35793e-06 -1.055e-05 -1.38581e-06 6.03497e-07
0 0 84 -9.35793e-06 -1.055e-05 -1.38581e-06 6.03497e-07
0 0 85 -9.35793e-06 -1.055e-05 -1.38581e-06 6.03497e-07
0 0 86 -9.35793e-06 -1.055e-05 -1.38581e-06 6.03497e-07
0 0 87 -9.35793e-06 -1.055e-05 -1.38581e-06 6.03497e-07
0 0 88 -9.35793e-06 -1.055e-05 -1.38581e-06 6.03497e-07
0 0 89 -9.35793e-06 -1.055e-05 -1.38581e-06 6.03497e-07
0 0 90 -9.35793e-06 -1.055e-05 -1.38581e-06 6.03497e-07
0 0 91 -9.35793e-06 -1.055e-05 -1.38581e-06 6.03497e-07
0 0 92 -9.35793e-06 -1.055e-05 -1.38581e-06 6.03497e-07
0 0 93 -9.35793e-06 -1.055e-05 -1.38581e-06 6.03497e-07
0 0 94 -9.35793e-06 -1.055e-05 -1.38581e-06 6.03497e-07
0 0 95 -9.35793e-06 -1.055e-05 -1.38581e-06 6.03497e-07
0 0 96 -9.35793e-06 -1.055e-05 -1.38581e-06 6.03497e-07
0 0 97 -9.35793e-06 -1.055e-05 -1.38581e-06 6.03497e-07
0 0 98 -9.35793e-06 -1.055e-05 -1.38581e-06 6.03497e-07
0 0 99 -9.35793e-06 -1.055e-05 -1.38581e-06 6.03497e-07
0 0 100 -9.35793e-06 -1.055e-05 -1.38581e-06 6.03497e-07
0 0 101 -9.35793e-06 -1.055e-05 -1.38581e-06 6.03497e-07
0 0 102 -9.35793e-06 -1.055e-05 -1.38581e-06 6.03497e-07
0 0 103 -9.35793e-06 -1.055e-05 -1.38581e-06 6.03497e-07
0 0 104 -9.35793e-06 -1.055e-05 -1.38581e-06 6.03497e-07
0 0 105 -9.35793e-06 -1.055e-05 -1.38581e-06 6.03497e-07
0 0 106 -9.35793e-06 -1.055e-05 -1.38581e-06 6.03497e-07
0 0 107 -9.35793e-06 -1.055e-05 -1.38581e-06 6.03497e-07
0 0 108 -9.35793e-06 -1.055e-05 -1.38581e-06 6.03497e-07
0 0 109 -9.35793e-06 -1.055e-05 -1.38581e-06 6.03497e-07
0 0 110 -9.35793e-06 -1.055e-05 -1.38581e-06 6.03497e-07
0 0 111 -9.35793e-06 -1.055e-05 -1.38581e-06 6.03497e-07
0 0 112 -9.35793e-06 -1.055e-05 -1.38581e-06 6.03497e-07
0 0 113 -9.35793e-06 -1.055e-05 -1.38581e-06 6.03497e-07
0 0 114 -9.35793e-06 -1.055e-05 -1.38581e-06 6.03497e-07
0 0 115 -9.35793e-06 -1.055e-05 -1.38581e-06 6.03497e-07
0 0 116 -9.35793e-06 -1.055e-05 -1.38581e-06 6.03497e-07
0 0 117 -9.35793e-06 -1.055e-05 -1.38581e-06 6.03497e-07
0 0 118 -9.35793e-06 -1.055e-05 -1.38581e-06 6.03497e-07
0 0 119 -9.35793e-06 -1.055e-05 -1.38581e-06 6.03497e-07
0 0 120 -9.35793e-06 -1.055e-05 -1.38581e-06 6.03497e-07
0 0 121 -9.35793e-06 -1.055e-05 -1.38581e-06 6.03497e-07
0 0 122 -9.35793e-06 -1.055e-05 -1.38581e-06 6.03497e-07
0 0 123 -9.35793e-06 -1.055e-05 -1.38581e-06 6.03497e-07
0 0 124 -9.35793e-06 -1.055e-05 -1.38581e-06 6.03497e-07
0 0 125 -9.35793e-06 -1.055e-05 -1.38581e-06 6.03497e-07
0 0 126 -9.35793e-06 -1.055e-05 -1.38581e-06 6.03497e-07
0 0 127 -9.35793e-06 -1.055e-05 -1.38581e-06 6.03497e-07
0 0 128 -9.35793e-06 -1.055e-05 -1.38581e-06 6.03497e-07
0 0 129 -9.35793e-06 -1.055e-05 -1.38581e-06 6.03497e-07
0 0 130 -9.35793e-06 -1.055e-05 -1.38581e-06 6.03497e-07
0 0 131 -9.35793e-06 -1.055e-05 -1.38581e-06 6.03497e-07
0 0 132 -9.35793e-06 -1.055e-05 -1.38581e-06 6.03497e-07
0 0 133 -9.35793e-06 -1.055e-05 -1.38581e-06 6.03497e-07
0 0 134 -9.35793e-06 -1.055e-05 -1.38581e-06 6.03497e-07
0 0 135 -9.35793e-06 -1.055e-05 -1.38581e-06 6.03497e-07
0 0 136 -9.35793e-06 -1.055e-05 -1.38581e-06 6.03497e-07
0 0 137 -9.35793e-06 -1.055e-05 -1.38581e-06 6.03497e-07
0 0 138 -9.35793e-06 -1.055e-05 -1.38581e-06 6.03497e-07
0 0 139 -9.35793e-06 -1.055e-05 -1.38581e-06 6.03497e-07
0 0 140 -9.35793e-06 -1.055e-05 -1.38581e-06 6.03497e-07
0 0 141 -9.35793e-06 -1.055e-05 -1.38581e-06 6.03497e-07
0 0 142 -9.35793e-06 -1.055e-05 -1.38581e-06 6.03497e-07
0 0 143 -9.35793e-06 -1.055e-05 -1.38581e-06 6.03497e-07
0 0 144 -9.35793e-06 -1.055e-05 -1.38581e-06 6.03497e-07
0 0 145 -9.35793e-06 -1.055e-05 -1.38581e-06 6.03497e-07
0 0 146 -9.35793e-06 -1.055e-05 -1.38581e-06 6.03497e-07
0 0 147 -9.35793e-06 -1.055e-05 -1.38581e-06 6.03497e-07
0 0 148 -9.35793e-06 -1.055e-05 -1.38581e-06 6.03497e-07
0 0 149 -9.35793e-06 -1.055e-05 -1.38581e-06 6.03497e-07
0 0 150 -9.35793e-06 -1.055e-05 -1.38581e-06 6.03497e-07
0 0 151 -9.35793e-06 -1.055e-05 -1.38581e-06 6.03497e-07
0 0 152 -9.35793e-06 -1.055e-05 -1.38581e-06 6.03497e-07
0 0 153 -9.35793e-06 -1.055e-05 -1.38581e-06 6.03497e-07
0 0 154 -9.35793e-06 -1.055e-05 -1.38581e-06 6.03497e-07
0 0 155 -9.35793e-06 -1.055e-05 -1.38581e-06 6.03497e-07
0 0 156 -9.35793e-06 -1.055e-05 -1.38581e-06 6.03497e-07
0 0 157 -9.35793e-06 -1.055e-05 -1.38581e-06 6.03497e-07
0 0 158 -9.35793e-06 -1.055e-05 -1.38581e-06 6.03497e-07
0 0 159 -9.35793e-06 -1.055e-05 -1.38581e-06 6.03497e-07
0 0 160 -9.35793e-06 -1.055e-05 -1.38581e-06 6.03497e-07
0 0 161 -9.35793e-06 -1.055e-05 -1.38581e-06 6.03497e-07
0 0 162 -9.35793e-06 -1.055e-05 -1.38581e-06 6.03497e-07
0 0 163 -9.35793e-06 -1.055e-05 -1.38581e-06 6.03497e-07
0 0 164 -9.35793e-06 -1.055e-05 -1.38581e-06 6.03497e-07
0 0 165 -9.35793e-06 -1.055e-05 -1.38581e-06 6.03497e-07
0 0 166 -9.35793e-06 -1.055e-05 -1.38581e-06 6.03497e-07
0 0 167 -9.35793e-06 -1.055e-05 -1.38581e-06 6.03497e-07
0 0 168 -9.35793e-06 -1.055e-05 -1.38581e-06 6.03497e-07
0 0 169 -9.35793e-06 -1.055e-05 -1.38581e-06 6.03497e-07
0 0 170 -9.35793e-06 -1.055e-05 -1.38581e-06 6.03497e-07
0 0 171 -9.35793e-06 -1.055e-05 -1.38581e-06 6.03497e-07
0 0 172 -9.35793e-06 -1.055e-05 -1.38581e-06 6.03497e-07
0 0 173 -9.35793e-06 -1.055e-05 -1.38581e-06 6.03497e-07
0 0 174 -9.35793e-06 -1.055e-05 -1.38581e-06 6.03497e-07
0 0 175 -9.35793e-06 -1.055e-05 -1.38581e-06 6.03497e-07
0 0 176 -9.35793e-06 4.76837e-07 -1.38581e-06 6.03497e-07
0 0 177 -9.35793e-06 4.76837e-07 -1.38581e-06 6.03497e-07
0 0 178 -9.35793e-06 4.76837e-07 -1.38581e-06 6.03497e-07
0 0 179 -9.35793e-06 4.76837e-07 -1.38581e-06 6.03497e-07
0 0 180 -9.35793e-06 4.76837e-07 -1.38581e-06 6.03497e-07
0 0 181 -9.35793e-06 4.76837e-07 -1.38581e-06 6.03497e-07
0 0 182 -9.35793e-06 4.76837e-07 -1.38581e-06 6.03497e-07
0 0 183 -9.35793e-06 4.76837e-07 -1.38581e-06 6.03497e-07
0 0 184 -9.35793e-06 4.76837e-07 -4.86523e-06 6.03497e-07
0 0 185 -9.35793e-06 4.76837e-07 -4.86523e-06 6.03497e-07
0 0 186 -9.35793e-06 4.76837e-07 -4.86523e-06 6.03497e-07
0 0 187 -9.35793e-06 1.15037e-05 -4.86523e-06 6.03497e-07
0 0 188 -9.35793e-06 1.15037e-05 -4.86523e-06 6.03497e-07
0 0 189 -9.35793e-06 1.15037e-05 -4.86523e-06 6.03497e-07
0 0 190 -9.35793e-06 1.15037e-05 -4.86523e-06 6.03497e-07
0 0 191 -9.35793e-06 2.25306e-05 -4.86523e-06 4.14252e-06
0 0 192 -9.35793e-06 2.25306e-05 -4.86523e-06 4.14252e-06
0 0 193 1.03712e-05 2.25306e-05 -4.86523e-06 4.14252e-06
0 0 194 1.03712e-05 3.35574e-05 -4.86523e-06 4.14252e-06
0 0 195 1.03712e-05 3.35574e-05 -4.86523e-06 4.14252e-06
0 0 196 1.03712e-05 4.45843e-05 -4.86523e-06 4.14252e-06
0 0 197 1.03712e-05 4.45843e-05 -4.86523e-06 4.14252e-06
0 0 198 1.03712e-05 5.56111e-05 -4.86523e-06 7.68155e-06
0 0 199 1.03712e-05 5.56111e-05 -8.3521e-06 7.68155e-06
0 0 200 3.01003e-05 6.6638e-05 -8.3521e-06 1.1228e-05
0 0 201 3.01003e-05 7.76947e-05 -8.3521e-06 1.1228e-05
0 0 202 4.98295e-05 7.76947e-05 -8.3521e-06 1.1228e-05
0 0 203 4.98295e-05 8.87215e-05 -8.3521e-06 1.47671e-05
0 0 204 4.98295e-05 9.97484e-05 -1.1839e-05 1.47671e-05
0 0 205 4.98295e-05 0.000110775 -8.3521e-06 1.83061e-05
0 0 206 6.95586e-05 0.000132829 -1.1839e-05 2.18526e-05
0 0 207 6.95586e-05 0.000143856 -1.1839e-05 2.18526e-05
0 0 208 6.95586e-05 0.000154883 -1.1839e-05 2.18526e-05
0 0 209 8.92878e-05 0.00016591 -1.1839e-05 2.53916e-05
0 0 210 8.92878e-05 0.000187963 -1.53184e-05 2.89306e-05
0 0 211 0.000109017 0.00019902 -1.1839e-05 2.89306e-05
0 0 212 0.000128746 0.0002321 -1.53184e-05 3.24696e-05
0 0 213 0.000128746 0.000243127 -1.53184e-05 3.60161e-05
0 0 214 0.000148475 0.000265181 -1.1839e-05 4.30942e-05
0 0 215 0.000168204 0.000298262 -1.53184e-05 4.30942e-05
0 0 216 0.000187933 0.000331372 -1.88053e-05 5.37187e-05
0 0 217 0.000187933 0.000353426 -1.88053e-05 5.01797e-05
0 0 218 0.000227392 0.000397533 -2.22921e-05 5.72577e-05
0 0 219 0.000247121 0.000419617 -1.88053e-05 6.78822e-05
0 0 220 0.00026685 0.000485778 -1.88053e-05 7.49677e-05
0 0 221 0.00028652 0.000529885 -1.53184e-05 8.91313e-05
0 0 222 0.000306249 0.000562996 -2.22921e-05 8.55848e-05
0 0 223 0.000345707 0.00065124 -2.22921e-05 0.000103295
0 0 224 0.000385165 0.000695348 -2.22921e-05 0.000103295
0 0 225 0.000424623 0.000739455 -1.88053e-05 0.000117458
0 0 226 0.000464082 0.000838727 -2.92584e-05 0.000131622
0 0 227 0.00050354 0.000893891 -1.88053e-05 0.000145786
0 0 228 0.000542998 0.000971079 -1.88053e-05 0.000149325
0 0 229 0.000582457 0.00107035 -3.27453e-05 0.000152864
0 0 230 0.000641584 0.0011586 -1.1839e-05 0.000167035
0 0 231 0.000700772 0.00125787 -1.53184e-05 0.000184737
0 0 232 0.000779688 0.0014233 1.60411e-05 0.000216603
0 0 233 0.000838876 0.00146744 -4.86523e-06 0.000230767
0 0 234 0.000898063 0.00169906 1.9528e-05 0.000248477
0 0 235 0.000996709 0.00182039 -1.38581e-06 0.000241391
0 0 236 0.00107557 0.00204098 -2.22921e-05 0.000322834
0 0 237 0.00117421 0.00211817 -1.53184e-05 0.000319295
0 0 238 0.00129259 0.00239393 3.69474e-05 0.000383034
0 0 239 0.0014109 0.00239393 3.69474e-05 0.000354707
0 0 240 0.00147009 0.00280201 2.99811e-05 0.000460938
0 0 241 0.00160819 0.00302261 2.64943e-05 0.000464477
0 0 242 0.00170684 0.00329834 5.58794e-06 0.000475101
0 0 243 0.00194353 0.0034197 3.69474e-05 0.000549465
0 0 244 0.00216049 0.00381675 0.000117093 0.00060612
0 0 245 0.00225914 0.00408146 0.00016588 0.000641532
0 0 246 0.00253528 0.00446752 0.000158913 0.000705265
0 0 247 0.00269312 0.00482047 8.57338e-05 0.000715889
0 0 248 0.00283116 0.00517341 0.000144973 0.000769004
0 0 249 0.00320596 0.00564769 0.000263445 0.000903562
0 0 250 0.00338352 0.00590137 0.000204213 0.000892945
0 0 251 0.00377804 0.00647491 0.000169367 0.00111248
0 0 252 0.00403446 0.00696021 0.000308752 0.00113019
0 0 253 0.0043698 0.00764406 0.000315718 0.00132141
0 0 254 0.00462621 0.00815144 0.000315718 0.00132849
0 0 255 0.00488269 0.00889042 0.000469044 0.00128245
0 0 256 0.00529689 0.00933161 0.000451617 0.00154095
0 0 257 0.00580978 0.0101037 0.000594489 0.00150554
0 0 258 0.0060662 0.0107214 0.00052131 0.00172862
0 0 259 0.00655937 0.0114493 0.000664182 0.00170384
0 0 260 0.00697362 0.012442 0.000768721 0.00202607
0 0 261 0.00760484 0.0134016 0.00100916 0.0019765
0 0 262 0.0081374 0.0147693 0.00102658 0.00223853
0 0 263 0.00870949 0.0152546 0.00120081 0.00241204
0 0 264 0.00947881 0.0163575 0.000991732 0.00231644
0 0 265 0.0098536 0.0178024 0.00120081 0.00284405
0 0 266 0.0106623 0.0189936 0.00135762 0.0030813
0 0 267 0.0113724 0.0204606 0.00169215 0.0029432
0 0 268 0.0121615 0.0215415 0.00184547 0.00312733
0 0 269 0.0134043 0.0226004 0.00216954 0.00310609
0 0 270 0.0141144 0.0249607 0.00231589 0.00358766
0 0 271 0.0149428 0.0257879 0.00209636 0.00380012
0 0 272 0.0161461 0.0272659 0.00294661 0.00407986
0 0 273 0.0179214 0.0293947 0.00310342 0.00405508
0 0 274 0.0190853 0.0313469 0.00358081 0.00488368
0 0 275 0.0196573 0.0329131 0.00391882 0.00489076
0 0 276 0.0211565 0.0352294 0.00373413 0.00476328
0 0 277 0.0227543 0.0376449 0.00357384 0.00557772
0 0 278 0.0239576 0.041042 0.00424638 0.00615137
0 0 279 0.0254765 0.0419134 0.00531267 0.00543254
0 0 280 0.0268573 0.0451782 0.00651835 0.00510676
0 0 281 0.0283959 0.0471745 0.00662637 0.00624343
0 0 282 0.0309799 0.0492592 0.00600262 0.00638861
0 0 283 0.0322424 0.0535718 0.00690167 0.00741906
0 0 284 0.0343333 0.0563513 0.00935483 0.00626823
0 0 285 0.0369372 0.0588329 0.00763343 0.00841055
0 0 286 0.0375487 0.0628698 0.00820839 0.00844241
0 0 287 0.0414346 0.0664545 0.00956391 0.00821932
0 0 288 0.0445513 0.0673699 0.0103236 0.00957554
0 0 289 0.0465437 0.0716384 0.0112749 0.00957554
0 0 290 0.0497984 0.0760283 0.0129719 0.00975967
0 0 291 0.0528165 0.0801313 0.012707 0.0102802
0 0 292 0.0544735 0.0864072 0.0143762 0.0109105
0 0 293 0.0584186 0.0862087 0.0143379 0.0102377
0 0 294 0.0613972 0.0963229 0.0175472 0.0108538
0 0 295 0.0638432 0.0947126 0.017366 0.0104927
0 0 296 0.0689719 0.101672 0.018948 0.0110274
0 0 297 0.0732327 0.107353 0.0215092 0.0129891
0 0 298 0.0769017 0.109062 0.0204081 0.012249
0 0 299 0.0799395 0.113959 0.0226278 0.0107795
0 0 300 0.0835099 0.119177 0.0223839 0.0126208
0 0 301 0.0906112 0.126941 0.0255862 0.015011
0 0 302 0.0929586 0.130129 0.0253214 0.0137292
0 0 303 0.0964698 0.136945 0.029381 0.0126633
0 0 304 0.100533 0.141633 0.0269801 0.0116789
0 0 305 0.107812 0.147181 0.0330294 0.0141258
0 0 306 0.115525 0.154416 0.035378 0.0124756
0 0 307 0.120437 0.159314 0.0344476 0.0160627
0 0 308 0.125388 0.163637 0.0370228 0.0140514
0 0 309 0.134797 0.172009 0.0400126 0.0146994
0 0 310 0.139275 0.181362 0.045473 0.0154678
0 0 311 0.145449 0.190539 0.0427306 0.0126031
0 0 312 0.149868 0.181296 0.043079 0.0130705
0 0 313 0.1547 0.195248 0.045696 0.0104431
0 0 314 0.163557 0.199495 0.0474 0.0123021
0 0 315 0.179871 0.212168 0.0585264 0.0132547
0 0 316 0.179417 0.215653 0.0547247 0.0101846
0 0 317 0.188727 0.217142 0.0552787 0.00960387
0 0 318 0.196401 0.233477 0.0594115 0.00987653
0 0 319 0.205337 0.245356 0.0678025 0.00462165
0 0 320 0.214983 0.244121 0.066879 0.00774129
0 0 321 0.224688 0.244176 0.0679384 0.0115089
0 0 322 0.236464 0.252515 0.0744302 0.00471017
0 0 323 0.242323 0.260743 0.0732907 0.00139931
0 0 324 0.250548 0.271486 0.0807269 0.0102696
0 0 325 0.268519 0.280287 0.0790578 0.00623281
0 0 326 0.27562 0.281424 0.0846541 -0.00287117
0 0 327 0.278145 0.286508 0.087623 0.00227749
0 0 328 0.293827 0.280629 0.0853859 -0.000349961
0 0 329 0.295464 0.289299 0.0848423 -0.00168847
0 0 330 0.319332 0.303384 0.0922959 -0.00219838
0 0 331 0.328801 0.303748 0.100122 -0.00692919
0 0 332 0.346534 0.307641 0.0940835 -0.0140042
0 0 333 0.354997 0.314005 0.0890482 -0.0110191
0 0 334 0.354405 0.309814 0.0954007 -0.00768343
0 0 335 0.362433 0.319432 0.101384 -0.00774717
0 0 336 0.38137 0.327076 0.0971151 -0.0170601
0 0 337 0.396421 0.318936 0.101879 -0.0291704
0 0 338 0.402753 0.329337 0.099854 -0.0199389
0 0 339 0.419224 0.333561 0.0977667 -0.0294962
0 0 340 0.422617 0.343642 0.108938 -0.0284409
0 0 341 0.462542 0.33741 0.108524 -0.0366349
0 0 342 0.463272 0.330715 0.108524 -0.0466524
0 0 343 0.465521 0.354815 0.100558 -0.0423713
0 0 344 0.4699 0.336947 0.100046 -0.0428494
0 0 345 0.481972 0.353194 0.102799 -0.0515001
0 0 346 0.497772 0.335414 0.0959931 -0.0489364
0 0 347 0.514263 0.341789 0.0983661 -0.0635892
0 0 348 0.523317 0.354892 0.101318 -0.0651012
0 0 349 0.528071 0.343035 0.0751724 -0.0576721
0 0 350 0.532943 0.341988 0.0922123 -0.0711493
0 0 351 0.5533 0.348572 0.0863616 -0.0770769
0 0 352 0.560481 0.339947 0.0814204 -0.0828559
0 0 353 0.576123 0.355223 0.07788 -0.0812483
0 0 354 0.580384 0.358654 0.0757892 -0.0889004
0 0 355 0.580049 0.343554 0.0665898 -0.0819919
0 0 356 0.59289 0.357308 0.0695482 -0.089428
0 0 357 0.59506 0.352433 0.0668372 -0.091064
0 0 358 0.61015 0.340124 0.069482 -0.0940031
0 0 359 0.621059 0.346146 0.0504908 -0.10054
0 0 360 0.599439 0.351672 0.0414622 -0.0972856
0 0 361 0.628712 0.347756 0.0397443 -0.104205
0 0 362 0.642343 0.345043 0.0328552 -0.103897
0 0 363 0.639719 0.340057 0.0239345 -0.101931
0 0 364 0.646249 0.337399 0.0234258 -0.099697
0 0 365 0.635893 0.341458 0.00741042 -0.100791
0 0 366 0.637589 0.347855 0.0171883 -0.111166
0 0 367 0.626365 0.345517 -0.000611193 -0.102112
0 0 368 0.647432 0.336936 -0.0179542 -0.103011
0 0 369 0.634985 0.338602 -0.0110895 -0.0968111
0 0 370 0.612064 0.340179 -0.0191494 -0.102583
0 0 371 0.64108 0.334598 -0.0233275 -0.103295
0 0 372 0.632717 0.34415 -0.0382138 -0.109998
0 0 373 0.614036 0.348992 -0.0383567 -0.118829
0 0 374 0.624826 0.324053 -0.0442492 -0.102183
0 0 375 0.620605 0.326017 -0.0503577 -0.0995058
0 0 376 0.612399 0.324197 -0.0509152 -0.098008
0 0 377 0.592279 0.337962 -0.0604771 -0.0942014
0 0 378 0.617508 0.328873 -0.0738545 -0.0829444
0 0 379 0.585454 0.3268 -0.0774089 -0.0959258
0 0 380 0.572809 0.335348 -0.0779629 -0.0737342
0 0 381 0.561566 0.338844 -0.0784961 -0.0863686
0 0 382 0.532154 0.328785 -0.0776493 -0.0800479
0 0 383 0.552275 0.325984 -0.0920512 -0.0821548
0 0 384 0.53466 0.33023 -0.0918038 -0.0771407
0 0 385 0.520161 0.314391 -0.102481 -0.0762696
0 0 386 0.498265 0.315141 -0.0891973 -0.0668965
0 0 387 0.5102 0.315869 -0.0979054 -0.070951
0 0 388 0.481814 0.302215 -0.111792 -0.0572507
0 0 389 0.469209 0.308248 -0.103864 -0.0593541
0 0 390 0.443132 0.292972 -0.104847 -0.0481999
0 0 391 0.450115 0.302204 -0.111412 -0.0583272
0 0 392 0.446229 0.283806 -0.109129 -0.0599348
0 0 393 0.405416 0.282846 -0.10685 -0.0547578
0 0 394 0.403897 0.277343 -0.106377 -0.0485611
0 0 395 0.393265 0.268155 -0.110311 -0.0383912
0 0 396 0.354859 0.266445 -0.111318 -0.0377467
0 0 397 0.35981 0.271673 -0.114722 -0.0311392
0 0 398 0.340912 0.260291 -0.108119 -0.0343049
0 0 399 0.333022 0.245103 -0.110875 -0.0312242
0 0 400 0.315288 0.234911 -0.106976 -0.0250628
0 0 401 0.299389 0.223065 -0.104791 -0.0235331
0 0 402 0.289369 0.227279 -0.113638 -0.0288836
0 0 403 0.279407 0.20426 -0.112774 -0.023827
0 0 404 0.253704 0.213139 -0.109927 -0.0126692
0 0 405 0.236701 0.200598 -0.103892 -0.0166529
0 0 406 0.224846 0.185255 -0.105669 -0.0165077
0 0 407 0.209006 0.178671 -0.0963025 -0.00891925
0 0 408 0.20009 0.167409 -0.102585 -0.00634138
0 0 409 0.186064 0.159645 -0.102442 -0.0111749
0 0 410 0.172059 0.148902 -0.105199 -0.00574648
0 0 411 0.159099 0.135192 -0.0978009 -0.00689378
0 0 412 0.140616 0.12521 -0.106777 -0.00626702
0 0 413 0.131207 0.111103 -0.0979995 -0.00502057
0 0 414 0.112665 0.105224 -0.106324 -0.00362187
0 0 415 0.0922878 0.0827012 -0.0958878 -0.00200362
0 0 416 0.0798211 0.072973 -0.09517 -0.00384849
0 0 417 0.0712601 0.0637522 -0.100219 -0.00535343
0 0 418 0.0512581 0.0451561 -0.0933684 -0.00358646
0 0 419 0.0412769 0.0256115 -0.101637 0.00297507
0 0 420 0.0242732 0.0135891 -0.0972015 -0.00282868
0 0 421 0.0171719 0.0208356 -0.0970099 0.00238372
0 0 422 -0.0013507 0.00490868 -0.0928841 0.00237663
0 0 423 -0.0202678 -0.00956228 -0.0918178 0.00244037
0 0 424 -0.0269351 -0.0199082 -0.0998568 0.00486597
0 0 425 -0.0405065 -0.0328019 -0.0981981 0.00492617
0 0 426 -0.0539792 -0.0498207 -0.0929189 0.00405508
0 0 427 -0.0795834 -0.0704132 -0.0963199 0.00380366
0 0 428 -0.0857181 -0.0792921 -0.102665 0.00722075
0 0 429 -0.097455 -0.0954727 -0.0969471 0.00632133
0 0 430 -0.117102 -0.091855 -0.102944 0.00266699
0 0 431 -0.134046 -0.11633 -0.102143 0.00631071
0 0 432 -0.143101 -0.12811 -0.101418 0.0101846
0 0 433 -0.158073 -0.132974 -0.101456 0.00696934
0 0 434 -0.179593 -0.154349 -0.104348 0.00612658
0 0 435 -0.1892 -0.160416 -0.107324 0.0152199
0 0 436 -0.200227 -0.173056 -0.10768 0.0135238
0 0 437 -0.217901 -0.173629 -0.105011 0.00917187
0 0 438 -0.223543 -0.181196 -0.103031 0.0145436
0 0 439 -0.24747 -0.204479 -0.112962 0.013453
0 0 440 -0.268182 -0.210843 -0.115848 0.0124084
0 0 441 -0.290374 -0.20963 -0.109621 0.0262113
0 0 442 -0.290709 -0.230035 -0.105955 0.0211582
0 0 443 -0.306648 -0.227366 -0.109509 0.0236547
0 0 444 -0.310553 -0.240105 -0.111705 0.0150748
0 0 445 -0.324973 -0.251521 -0.107366 0.0241646
0 0 446 -0.347559 -0.253517 -0.116834 0.0342565
0 0 447 -0.361111 -0.261591 -0.104648 0.0353011
0 0 448 -0.375885 -0.269268 -0.107938 0.0318486
0 0 449 -0.386064 -0.276801 -0.113388 0.0386934
0 0 450 -0.421334 -0.286408 -0.119426 0.039653
0 0 451 -0.430684 -0.277992 -0.116078 0.054844
0 0 452 -0.434195 -0.298552 -0.110694 0.0484808
0 0 453 -0.431907 -0.294173 -0.102725 0.0486083
0 0 454 -0.454453 -0.307817 -0.107962 0.0561542
0 0 455 -0.474771 -0.296247 -0.104129 0.0538667
0 0 456 -0.481241 -0.295739 -0.103401 0.0639905
0 0 457 -0.509271 -0.323347 -0.108513 0.0762106
0 0 458 -0.503926 -0.305159 -0.0862006 0.0638772
0 0 459 -0.510258 -0.312416 -0.0890196 0.0691569
0 0 460 -0.529648 -0.316618 -0.0895667 0.0814017
0 0 461 -0.546494 -0.316751 -0.0911801 0.0881651
0 0 462 -0.553023 -0.325222 -0.082134 0.0810264
0 0 463 -0.567699 -0.335689 -0.0777852 0.0866283
0 0 464 -0.56478 -0.325288 -0.0729729 0.0934094
0 0 465 -0.575767 -0.332634 -0.0677843 0.0881049
0 0 466 -0.58778 -0.336273 -0.0711156 0.0947656
0 0 467 -0.607033 -0.333538 -0.0713352 0.0956898
0 0 468 -0.598886 -0.325872 -0.0564279 0.0991777
0 0 469 -0.596026 -0.341248 -0.0429076 0.0992804
0 0 470 -0.62232 -0.337873 -0.0403359 0.109408
0 0 471 -0.642697 -0.337597 -0.0393219 0.10541
0 0 472 -0.630171 -0.333913 -0.0296451 0.10331
0 0 473 -0.635753 -0.334453 -0.0220591 0.0976975
0 0 474 -0.64392 -0.333781 -0.0131001 0.101593
0 0 475 -0.636148 -0.345373 -0.0160097 0.106355
0 0 476 -0.625713 -0.341038 -0.0067964 0.106129
0 0 477 -0.643565 -0.343763 0.0147316 0.106281
0 0 478 -0.63459 -0.338954 0.0135259 0.0935262
0 0 479 -0.620624 -0.347413 0.0151986 0.105049
0 0 480 -0.633367 -0.341546 0.0187355 0.100003
0 0 481 -0.645301 -0.351792 0.0340364 0.107251
0 0 482 -0.623839 -0.349233 0.0386431 0.113232
0 0 483 -0.618533 -0.34866 0.0386361 0.106338
0 0 484 -0.633071 -0.331553 0.0499786 0.0957181
0 0 485 -0.627153 -0.338623 0.0478425 0.0954242
0 0 486 -0.60577 -0.346399 0.0558955 0.0968867
0 0 487 -0.626581 -0.349178 0.065757 0.0862848
0 0 488 -0.609775 -0.353877 0.0799429 0.0863096
0 0 489 -0.577266 -0.347193 0.0767649 0.0782715
0 0 490 -0.58346 -0.364179 0.0728691 0.072875
0 0 491 -0.558586 -0.357914 0.0761028 0.0838167
0 0 492 -0.560381 -0.351075 0.0834589 0.0759132
0 0 493 -0.550459 -0.354814 0.0841244 0.0732184
0 0 494 -0.53746 -0.352619 0.0984184 0.0673616
0 0 495 -0.532351 -0.351792 0.0896441 0.0716533
0 0 496 -0.526571 -0.348439 0.0933308 0.0616676
0 0 497 -0.517418 -0.342615 0.10152 0.057645
0 0 498 -0.495601 -0.351958 0.0987738 0.0514022
0 0 499 -0.471713 -0.340773 0.103175 0.0438421
0 0 500 -0.480097 -0.346421 0.102962 0.0525707
0 0 501 -0.476921 -0.33431 0.099868 0.0520608
0 0 502 -0.447076 -0.337045 0.0989445 0.053332
0 0 503 -0.441513 -0.335203 0.0993313 0.0392883
0 0 504 -0.433386 -0.335678 0.105701 0.0326772
0 0 505 -0.400917 -0.327968 0.096359 0.0316715
0 0 506 -0.410425 -0.337332 0.107287 0.0209458
0 0 507 -0.381625 -0.329126 0.100924 0.0263529
0 0 508 -0.383204 -0.322674 0.0949721 0.0202057
0 0 509 -0.369889 -0.317368 0.0922994 0.019625
0 0 510 -0.350715 -0.301839 0.0913934 0.00980925
0 0 511 -0.35253 -0.315471 0.0995822 0.018591
0 0 512 -0.343969 -0.306725 0.103126 0.0171675
0 0 513 -0.322389 -0.305203 0.0868947 0.00448354
0 0 514 -0.30578 -0.299103 0.0882014 0.00733053
0 0 515 -0.295996 -0.295408 0.0871874 -0.00152204
0 0 516 -0.288362 -0.282184 0.0747961 -0.000976719
0 0 517 -0.281004 -0.28836 0.0823995 -0.0037104
0 0 518 -0.26903 -0.271242 0.076514 -0.00334213
0 0 519 -0.265993 -0.278952 0.0836226 -0.00352626
0 0 520 -0.252737 -0.273768 0.0734336 -0.00802691
0 0 521 -0.24029 -0.252117 0.0743396 -0.00715581
0 0 522 -0.231768 -0.25515 0.0734162 -0.00724434
0 0 523 -0.21654 -0.247297 0.073336 -0.00805523
0 0 524 -0.213187 -0.239223 0.0655584 -0.0113059
0 0 525 -0.19563 -0.233951 0.0586344 -0.0095283
0 0 526 -0.198866 -0.228381 0.0643109 -0.0112634
0 0 527 -0.183933 -0.214715 0.0568991 -0.0123824
0 0 528 -0.179771 -0.209851 0.0544772 -0.0142095
0 0 529 -0.173932 -0.205075 0.055547 -0.0124426
0 0 530 -0.162964 -0.204479 0.0536793 -0.0157605
0 0 531 -0.157678 -0.197343 0.0492155 -0.0135899
0 0 532 -0.146257 -0.189049 0.0451141 -0.0154454
0 0 533 -0.145428 -0.189104 0.044553 -0.0155126
0 0 534 -0.141523 -0.185872 0.0449433 -0.0165997
0 0 535 -0.127931 -0.16721 0.0356742 -0.0139333
0 0 536 -0.123375 -0.162445 0.0380751 -0.0134163
0 0 537 -0.121816 -0.162798 0.0360819 -0.0144008
0 0 538 -0.110691 -0.153467 0.0318969 -0.011143
0 0 539 -0.109527 -0.147544 0.0355941 -0.0143795
0 0 540 -0.101282 -0.141467 0.0277676 -0.0127896
0 0 541 -0.0985004 -0.137033 0.0292764 -0.0141104
0 0 542 -0.0904129 -0.130393 0.023701 -0.014206
0 0 543 -0.0886573 -0.125937 0.0230041 -0.0143051
0 0 544 -0.0840217 -0.118712 0.0249729 -0.0127365
0 0 545 -0.0792283 -0.120036 0.0224501 -0.0153639
0 0 546 -0.0758157 -0.110848 0.0202443 -0.0115396
0 0 547 -0.0677873 -0.102179 0.0181326 -0.0107429
0 0 548 -0.0675901 -0.100028 0.0205265 -0.00959912
0 0 549 -0.0626191 -0.0966418 0.01646 -0.0108349
0 0 550 -0.0585359 -0.0923623 0.0176204 -0.0118441
0 0 551 -0.0560308 -0.0879504 0.0143588 -0.0119822
0 0 552 -0.054571 -0.0842996 0.0141601 -0.0104242
0 0 553 -0.0507836 -0.0796671 0.0136583 -0.0109483
0 0 554 -0.0489491 -0.0759832 0.0111006 -0.00991782
0 0 555 -0.0462467 -0.0713066 0.0110309 -0.00946456
0 0 556 -0.0428933 -0.0664425 0.0101214 -0.0084235
0 0 557 -0.0397964 -0.0648101 0.00918758 -0.00854744
0 0 558 -0.0376857 -0.0622953 0.00835475 -0.00870679
0 0 559 -0.0366994 -0.0600232 0.0085917 -0.00869262
0 0 560 -0.0343915 -0.0548723 0.00730588 -0.00859701
0 0 561 -0.0305449 -0.0518061 0.00704452 -0.00610413
0 0 562 -0.0303082 -0.0498207 0.00672045 -0.00665653
0 0 563 -0.0282173 -0.0463684 0.00540675 -0.00658571
0 0 564 -0.0268167 -0.0440632 0.00546599 -0.00669194
0 0 565 -0.025219 -0.0430595 0.00523252 -0.00650781
0 0 566 -0.0239762 -0.0400153 0.00549038 -0.00481874
0 0 567 -0.0211949 -0.0374344 0.00409305 -0.00526491
0 0 568 -0.0203072 -0.0347542 0.00442061 -0.00527553
0 0 569 -0.019242 -0.0326034 0.00372717 -0.00487539
0 0 570 -0.0184727 -0.0309048 0.00364702 -0.00445755
0 0 571 -0.0172497 -0.0301106 0.00345188 -0.00398305
0 0 572 -0.0158689 -0.0276841 0.00286298 -0.00397951
0 0 573 -0.0149418 -0.0266694 0.00238907 -0.00409637
0 0 574 -0.0139555 -0.0238568 0.0019047 -0.00375997
0 0 575 -0.0128903 -0.0221582 0.00186638 -0.00323944
0 0 576 -0.0123774 -0.0210111 0.00214166 -0.00307655
0 0 577 -0.0112333 -0.0196655 0.0019291 -0.0028393
0 0 578 -0.0105627 -0.0182868 0.00148307 -0.00266225
0 0 579 -0.0100104 -0.0174265 0.00119733 -0.00264455
0 0 580 -0.00933969 -0.0161912 0.00113112 -0.00237897
0 0 581 -0.00890571 -0.0151544 0.0010893 -0.00247812
0 0 582 -0.00817585 -0.0140404 0.000838414 -0.00218775
0 0 583 -0.00746572 -0.0131139 0.000960372 -0.00196113
0 0 584 -0.00691336 -0.0123528 0.000981279 -0.00195404
0 0 585 -0.00643998 -0.0112939 0.000622362 -0.00176991
0 0 586 -0.00596654 -0.0102351 0.000584036 -0.00134499
0 0 587 -0.00553256 -0.00968361 0.000820987 -0.00135561
0 0 588 -0.00525641 -0.00916523 0.000486463 -0.00156807
0 0 589 -0.00498027 -0.00855857 0.000354052 -0.00150079
0 0 590 -0.0044871 -0.00800711 0.000402831 -0.00105462
0 0 591 -0.00401366 -0.00733429 0.000214666 -0.001044
0 0 592 -0.00375724 -0.00688207 0.000336625 -0.00111836
0 0 593 -0.00352055 -0.0064519 0.000280872 -0.000891738
0 0 594 -0.00322467 -0.00598866 0.000252992 -0.000838622
0 0 595 -0.00312603 -0.00565776 0.00010664 -0.000916526
0 0 596 -0.00283015 -0.00519451 0.00013452 -0.000820912
0 0 597 -0.00267231 -0.00470921 0.000110127 -0.00069344
0 0 598 -0.00235671 -0.00425699 4.39137e-05 -0.000704065
0 0 599 -0.00229752 -0.00400332 6.83069e-05 -0.000608452
0 0 600 -0.00202137 -0.00371653 0.000103153 -0.00058721
0 0 601 -0.00188327 -0.00345182 8.57338e-05 -0.000516385
0 0 602 -0.00174522 -0.00312093 4.04343e-05 -0.000495143
0 0 603 -0.00156766 -0.00293344 2.30074e-05 -0.000374749
0 0 604 -0.00150847 -0.0026246 2.30074e-05 -0.000431404
0 0 605 -0.00139016 -0.00244811 1.25542e-05 -0.000378288
0 0 606 -0.00127178 -0.00230473 3.34606e-05 -0.0003535
0 0 607 -0.00115341 -0.00217238 2.30074e-05 -0.000296846
0 0 608 -0.00107455 -0.00185251 -8.3521e-06 -0.000300385
0 0 609 -0.000936449 -0.0018084 1.60411e-05 -0.000261433
0 0 610 -0.000916719 -0.00159883 2.10106e-06 -0.000240184
0 0 611 -0.000837803 -0.00147751 -3.62322e-05 -0.000229567
0 0 612 -0.000758946 -0.00133413 9.06736e-06 -0.000201233
0 0 613 -0.000719488 -0.00126794 -2.22921e-05 -0.000194155
0 0 614 -0.000640571 -0.00113559 -2.22921e-05 -0.000172906
0 0 615 -0.000581384 -0.00108045 -2.5779e-05 -0.000179991
0 0 616 -0.000541925 -0.000981182 -2.5779e-05 -0.000155203
0 0 617 -0.000502467 -0.000892937 -2.22921e-05 -0.000144579
0 0 618 -0.000463009 -0.000815719 -2.22921e-05 -0.00011979
0 0 619 -0.00042361 -0.000738531 -1.88053e-05 -0.00011979
0 0 620 -0.000384152 -0.000683367 -2.5779e-05 -9.85488e-05
0 0 621 -0.000364423 -0.000650287 -1.88053e-05 -0.000102088
0 0 622 -0.000324965 -0.000573069 -2.22921e-05 -8.79243e-05
0 0 623 -0.000285506 -0.000528961 -1.1839e-05 -8.43853e-05
0 0 624 -0.000265777 -0.000484824 -8.3521e-06 -7.37607e-05
0 0 625 -0.000265777 -0.00042969 -1.1839e-05 -7.02143e-05
0 0 626 -0.000226319 -0.000396609 -2.22921e-05 -5.95972e-05
0 0 627 -0.00020659 -0.000374526 -1.88053e-05 -6.31362e-05
0 0 628 -0.000186861 -0.000341445 -2.22921e-05 -5.25117e-05
0 0 629 -0.000167131 -0.000297338 -1.1839e-05 -4.18872e-05
0 0 630 -0.000167131 -0.000275284 -8.3521e-06 -4.18872e-05
0 0 631 -0.000147402 -0.000242174 -1.88053e-05 -3.48091e-05
0 0 632 -0.000147402 -0.000231147 -1.1839e-05 -3.83481e-05
0 0 633 -0.000127673 -0.000209093 -1.53184e-05 -3.12701e-05
0 0 634 -0.000107944 -0.000187039 -1.1839e-05 -2.77236e-05
0 0 635 -0.000107944 -0.000164986 -1.53184e-05 -2.41846e-05
0 0 636 -8.82149e-05 -0.000153929 -1.1839e-05 -2.41846e-05
0 0 637 -8.82149e-05 -0.000142902 -1.1839e-05 -2.06456e-05
0 0 638 -8.82149e-05 -0.000131875 -8.3521e-06 -2.06456e-05
0 0 639 -6.85453e-05 -0.000120848 -8.3521e-06 -2.06456e-05
0 0 640 -6.85453e-05 -0.000109822 -4.86523e-06 -1.70991e-05
0 0 641 -6.85453e-05 -9.87947e-05 -8.3521e-06 -1.70991e-05
0 0 642 -6.85453e-05 -8.77678e-05 -8.3521e-06 -1.35601e-05
0 0 643 -4.88162e-05 -7.6741e-05 -8.3521e-06 -1.35601e-05
0 0 644 -4.88162e-05 -7.6741e-05 -4.86523e-06 -1.35601e-05
0 0 645 -4.88162e-05 -6.57141e-05 -4.86523e-06 -1.0021e-05
0 0 646 -4.88162e-05 -6.57141e-05 -4.86523e-06 -1.0021e-05
0 0 647 -2.90871e-05 -5.46873e-05 -4.86523e-06 -6.48201e-06
0 0 648 -2.90871e-05 -5.46873e-05 -4.86523e-06 -6.48201e-06
0 0 649 -2.90871e-05 -4.36604e-05 -4.86523e-06 -6.48201e-06
0 0 650 -2.90871e-05 -4.36604e-05 -4.86523e-06 -6.48201e-06
0 0 651 -2.90871e-05 -4.36604e-05 -4.86523e-06 -6.48201e-06
0 0 652 -2.90871e-05 -3.26037e-05 -4.86523e-06 -2.93553e-06
0 0 653 -2.90871e-05 -3.26037e-05 -4.86523e-06 -6.48201e-06
0 0 654 -2.90871e-05 -3.26037e-05 -4.86523e-06 -2.93553e-06
0 0 655 -2.90871e-05 -3.26037e-05 -4.86523e-06 -2.93553e-06
0 0 656 -2.90871e-05 -2.15769e-05 -4.86523e-06 -2.93553e-06
0 0 657 -2.90871e-05 -2.15769e-05 -4.86523e-06 -2.93553e-06
0 0 658 -2.90871e-05 -2.15769e-05 -1.38581e-06 -2.93553e-06
0 0 659 -9.35793e-06 -2.15769e-05 -1.38581e-06 -2.93553e-06
0 0 660 -9.35793e-06 -2.15769e-05 -1.38581e-06 -2.93553e-06
0 0 661 -9.35793e-06 -2.15769e-05 -1.38581e-06 -2.93553e-06
0 0 662 -9.35793e-06 -1.055e-05 -1.38581e-06 -2.93553e-06
0 0 663 -9.35793e-06 -1.055e-05 -1.38581e-06 -2.93553e-06
0 0 664 -9.35793e-06 -1.055e-05 -1.38581e-06 -2.93553e-06
0 0 665 -9.35793e-06 -1.055e-05 -1.38581e-06 -2.93553e-06
0 0 666 -9.35793e-06 -1.055e-05 -1.38581e-06 -2.93553e-06
0 0 667 -9.35793e-06 -1.055e-05 -1.38581e-06 -2.93553e-06
0 0 668 -9.35793e-06 -1.055e-05 -1.38581e-06 -2.93553e-06
0 0 669 -9.35793e-06 -1.055e-05 -1.38581e-06 -2.93553e-06
0 0 670 -9.35793e-06 -1.055e-05 -1.38581e-06 -2.93553e-06
0 0 671 -9.35793e-06 -1.055e-05 -1.38581e-06 -2.93553e-06
0 0 672 -9.35793e-06 -1.055e-05 -1.38581e-06 -2.93553e-06
0 0 673 -9.35793e-06 -1.055e-05 -1.38581e-06 -2.93553e-06
0 0 674 -9.35793e-06 -1.055e-05 -1.38581e-06 -2.93553e-06
0 0 675 -9.35793e-06 -1.055e-05 -1.38581e-06 -2.93553e-06
0 0 676 -9.35793e-06 -1.055e-05 -1.38581e-06 -2.93553e-06
0 0 677 -9.35793e-06 -1.055e-05 -1.38581e-06 -2.93553e-06
0 0 678 -9.35793e-06 -1.055e-05 -1.38581e-06 -2.93553e-06
0 0 679 -9.35793e-06 -1.055e-05 -1.38581e-06 -2.93553e-06
0 0 680 -9.35793e-06 -1.055e-05 -1.38581e-06 -2.93553e-06
0 0 681 -9.35793e-06 -1.055e-05 -1.38581e-06 -2.93553e-06
0 0 682 -9.35793e-06 -1.055e-05 -1.38581e-06 -2.93553e-06
0 0 683 -9.35793e-06 -1.055e-05 -1.38581e-06 6.03497e-07
0 0 684 -9.35793e-06 -1.055e-05 -1.38581e-06 6.03497e-07
0 0 685 -9.35793e-06 -1.055e-05 -1.38581e-06 6.03497e-07
0 0 686 -9.35793e-06 -1.055e-05 -1.38581e-06 6.03497e-07
0 0 687 -9.35793e-06 -1.055e-05 -1.38581e-06 6.03497e-07
0 0 688 -9.35793e-06 -1.055e-05 -1.38581e-06 6.03497e-07
0 0 689 -9.35793e-06 -1.055e-05 -1.38581e-06 6.03497e-07
0 0 690 -9.35793e-06 -1.055e-05 -1.38581e-06 6.03497e-07
0 0 691 -9.35793e-06 -1.055e-05 -1.38581e-06 6.03497e-07
0 0 692 -9.35793e-06 -1.055e-05 -1.38581e-06 6.03497e-07
0 0 693 -9.35793e-06 -1.055e-05 -1.38581e-06 6.03497e-07
0 0 694 -9.35793e-06 -1.055e-05 -1.38581e-06 6.03497e-07
0 0 695 -9.35793e-06 -1.055e-05 -1.38581e-06 6.03497e-07
0 0 696 -9.35793e-06 -1.055e-05 -1.38581e-06 6.03497e-07
0 0 697 -9.35793e-06 -1.055e-05 -1.38581e-06 6.03497e-07
0 0 698 -9.35793e-06 -1.055e-05 -1.38581e-06 6.03497e-07
0 0 699 -9.35793e-06 -1.055e-05 -1.38581e-06 6.03497e-07
0 0 700 -9.35793e-06 -1.055e-05 -1.38581e-06 6.03497e-07
0 0 701 -9.35793e-06 -1.055e-05 -1.38581e-06 6.03497e-07
0 0 702 -9.35793e-06 -1.055e-05 -1.38581e-06 6.03497e-07
0 0 703 -9.35793e-06 -1.055e-05 -1.38581e-06 6.03497e-07
0 0 704 -9.35793e-06 -1.055e-05 -1.38581e-06 6.03497e-07
0 0 705 -9.35793e-06 -1.055e-05 -1.38581e-06 6.03497e-07
0 0 706 -9.35793e-06 -1.055e-05 -1.38581e-06 6.03497e-07
0 0 707 -9.35793e-06 -1.055e-05 -1.38581e-06 6.03497e-07
0 0 708 -9.35793e-06 -1.055e-05 -1.38581e-06 6.03497e-07
0 0 709 -9.35793e-06 -1.055e-05 -1.38581e-06 6.03497e-07
0 0 710 -9.35793e-06 -1.055e-05 -1.38581e-06 6.03497e-07
0 0 711 -9.35793e-06 -1.055e-05 -1.38581e-06 6.03497e-07
0 0 712 -9.35793e-06 -1.055e-05 -1.38581e-06 6.03497e-07
0 0 713 -9.35793e-06 -1.055e-05 -1.38581e-06 6.03497e-07
0 0 714 -9.35793e-06 -1.055e-05 -1.38581e-06 6.03497e-07
0 0 715 -9.35793e-06 -1.055e-05 -1.38581e-06 6.03497e-07
0 0 716 -9.35793e-06 -1.055e-05 -1.38581e-06 6.03497e-07
0 0 717 -9.35793e-06 -1.055e-05 -1.38581e-06 6.03497e-07
0 0 718 -9.35793e-06 -1.055e-05 -1.38581e-06 6.03497e-07
0 0 719 -9.35793e-06 -1.055e-05 -1.38581e-06 6.03497e-07
0 0 720 -9.35793e-06 -1.055e-05 -1.38581e-06 6.03497e-07
0 0 721 -9.35793e-06 -1.055e-05 -1.38581e-06 6.03497e-07
0 0 722 -9.35793e-06 -1.055e-05 -1.38581e-06 6.03497e-07
0 0 723 -9.35793e-06 -1.055e-05 -1.38581e-06 6.03497e-07
0 0 724 -9.35793e-06 -1.055e-05 -1.38581e-06 6.03497e-07
0 0 725 -9.35793e-06 -1.055e-05 -1.38581e-06 6.03497e-07
0 0 726 -9.35793e-06 -1.055e-05 -1.38581e-06 6.03497e-07
0 0 727 -9.35793e-06 -1.055e-05 -1.38581e-06 6.03497e-07
0 0 728 -9.35793e-06 -1.055e-05 -1.38581e-06 6.03497e-07
0 0 729 -9.35793e-06 -1.055e-05 -1.38581e-06 6.03497e-07
0 0 730 -9.35793e-06 -1.055e-05 -1.38581e-06 6.03497e-07
0 0 731 -9.35793e-06 -1.055e-05 -1.38581e-06 6.03497e-07
0 0 732 -9.35793e-06 -1.055e-05 -1.38581e-06 6.03497e-07
0 0 733 -9.35793e-06 -1.055e-05 -1.38581e-06 6.03497e-07
0 0 734 -9.35793e-06 -1.055e-05 -1.38581e-06 6.03497e-07
0 0 735 -9.35793e-06 -1.055e-05 -1.38581e-06 6.03497e-07
0 0 736 -9.35793e-06 -1.055e-05 -1.38581e-06 6.03497e-07
0 0 737 -9.35793e-06 -1.055e-05 -1.38581e-06 6.03497e-07
0 0 738 -9.35793e-06 -1.055e-05 -1.38581e-06 6.03497e-07
0 0 739 -9.35793e-06 -1.055e-05 -1.38581e-06 6.03497e-07
0 0 740 -9.35793e-06 -1.055e-05 -1.38581e-06 6.03497e-07
0 0 741 -9.35793e-06 -1.055e-05 -1.38581e-06 6.03497e-07
0 0 742 -9.35793e-06 -1.055e-05 -1.38581e-06 6.03497e-07
0 0 743 -9.35793e-06 -1.055e-05 -1.38581e-06 6.03497e-07
0 0 744 -9.35793e-06 -1.055e-05 -1.38581e-06 6.03497e-07
0 0 745 -9.35793e-06 -1.055e-05 -1.38581e-06 6.03497e-07
0 0 746 -9.35793e-06 -1.055e-05 -1.38581e-06 6.03497e-07
0 0 747 -9.35793e-06 -1.055e-05 -1.38581e-06 6.03497e-07
0 0 748 -9.35793e-06 -1.055e-05 -1.38581e-06 6.03497e-07
0 0 749 -9.35793e-06 -1.055e-05 -1.38581e-06 6.03497e-07
0 0 750 -9.35793e-06 -1.055e-05 -1.38581e-06 6.03497e-07
0 0 751 -9.35793e-06 -1.055e-05 -1.38581e-06 6.03497e-07
0 0 752 -9.35793e-06 -1.055e-05 -1.38581e-06 6.03497e-07
0 0 753 -9.35793e-06 -1.055e-05 -1.38581e-06 6.03497e-07
0 0 754 -9.35793e-06 -1.055e-05 -1.38581e-06 6.03497e-07
0 0 755 -9.35793e-06 -1.055e-05 -1.38581e-06 6.03497e-07
0 0 756 -9.35793e-06 -1.055e-05 -1.38581e-06 6.03497e-07
0 0 757 -9.35793e-06 -1.055e-05 -1.38581e-06 6.03497e-07
0 0 758 -9.35793e-06 -1.055e-05 -1.38581e-06 6.03497e-07
0 0 759 -9.35793e-06 -1.055e-05 -1.38581e-06 6.03497e-07
0 0 760 -9.35793e-06 -1.055e-05 -1.38581e-06 6.03497e-07
0 0 761 -9.35793e-06 -1.055e-05 -1.38581e-06 6.03497e-07
0 0 762 -9.35793e-06 -1.055e-05 -1.38581e-06 6.03497e-07
0 0 763 -9.35793e-06 -1.055e-05 -1.38581e-06 6.03497e-07
0 0 764 -9.35793e-06 -1.055e-05 -1.38581e-06 6.03497e-07
0 0 765 -9.35793e-06 -1.055e-05 -1.38581e-06 6.03497e-07
0 0 766 -9.35793e-06 -1.055e-05 -1.38581e-06 6.03497e-07
0 0 767 -9.35793e-06 -1.055e-05 -1.38581e-06 6.03497e-07
0 0 768 -9.35793e-06 -1.055e-05 -1.38581e-06 6.03497e-07
0 0 769 -9.35793e-06 -1.055e-05 -1.38581e-06 6.03497e-07
0 0 770 -9.35793e-06 -1.055e-05 -1.38581e-06 6.03497e-07
0 0 771 -9.35793e-06 -1.055e-05 -1.38581e-06 6.03497e-07
0 0 772 -9.35793e-06 -1.055e-05 -1.38581e-06 6.03497e-07
0 0 773 -9.35793e-06 -1.055e-05 -1.38581e-06 6.03497e-07
0 0 774 -9.35793e-06 -1.055e-05 -1.38581e-06 6.03497e-07
0 0 775 -9.35793e-06 -1.055e-05 -1.38581e-06 6.03497e-07
0 0 776 -9.35793e-06 -1.055e-05 -1.38581e-06 6.03497e-07
0 0 777 -9.35793e-06 -1.055e-05 -1.38581e-06 6.03497e-07
0 0 778 -9.35793e-06 -1.055e-05 -1.38581e-06 6.03497e-07
0 0 779 -9.35793e-06 -1.055e-05 -1.38581e-06 6.03497e-07
0 0 780 -9.35793e-06 -1.055e-05 -1.38581e-06 6.03497e-07
0 0 781 -9.35793e-06 -1.055e-05 -1.38581e-06 6.03497e-07
0 0 782 -9.35793e-06 -1.055e-05 -1.38581e-06 6.03497e-07
0 0 783 -9.35793e-06 -1.055e-05 -1.38581e-06 6.03497e-07
0 0 784 -9.35793e-06 -1.055e-05 -1.38581e-06 6.03497e-07
0 0 785 -9.35793e-06 -1.055e-05 -1.38581e-06 6.03497e-07
0 0 786 -9.35793e-06 -1.055e-05 -1.38581e-06 6.03497e-07
0 0 787 -9.35793e-06 -1.055e-05 -1.38581e-06 6.03497e-07
0 0 788 -9.35793e-06 -1.055e-05 -1.38581e-06 6.03497e-07
0 0 789 -9.35793e-06 -1.055e-05 -1.38581e-06 6.03497e-07
0 0 790 -9.35793e-06 -1.055e-05 -1.38581e-06 6.03497e-07
0 0 791 -9.35793e-06 -1.055e-05 -1.38581e-06 6.03497e-07
0 0 792 -9.35793e-06 -1.055e-05 -1.38581e-06 6.03497e-07
0 0 793 -9.35793e-06 -1.055e-05 -1.38581e-06 6.03497e-07
0 0 794 -9.35793e-06 -1.055e-05 -1.38581e-06 6.03497e-07
0 0 795 -9.35793e-06 -1.055e-05 -1.38581e-06 6.03497e-07
0 0 796 -9.35793e-06 -1.055e-05 -1.38581e-06 6.03497e-07
0 0 797 -9.35793e-06 -1.055e-05 -1.38581e-06 6.03497e-07
0 0 798 -9.35793e-06 -1.055e-05 -1.38581e-06 6.03497e-07
0 0 799 -9.35793e-06 -1.055e-05 -1.38581e-06 6.03497e-07
0 0 800 -9.35793e-06 -1.055e-05 -1.38581e-06 6.03497e-07
0 0 801 -9.35793e-06 -1.055e-05 -1.38581e-06 6.03497e-07
0 0 802 -9.35793e-06 -1.055e-05 -1.38581e-06 6.03497e-07
0 0 803 -9.35793e-06 -1.055e-05 -1.38581e-06 6.03497e-07
0 0 804 -9.35793e-06 -1.055e-05 -1.38581e-06 6.03497e-07
0 0 805 -9.35793e-06 -1.055e-05 -1.38581e-06 6.03497e-07
0 0 806 -9.35793e-06 -1.055e-05 -1.38581e-06 6.03497e-07
0 0 807 -9.35793e-06 -1.055e-05 -1.38581e-06 6.03497e-07
0 0 808 -9.35793e-06 -1.055e-05 -1.38581e-06 6.03497e-07
0 0 809 -9.35793e-06 -1.055e-05 -1.38581e-06 6.03497e-07
0 0 810 -9.35793e-06 -1.055e-05 -1.38581e-06 6.03497e-07
0 0 811 -9.35793e-06 -1.055e-05 -1.38581e-06 6.03497e-07
0 0 812 -9.35793e-06 -1.055e-05 -1.38581e-06 6.03497e-07
0 0 813 -9.35793e-06 -1.055e-05 -1.38581e-06 6.03497e-07
0 0 814 -9.35793e-06 -1.055e-05 -1.38581e-06 6.03497e-07
0 0 815 -9.35793e-06 -1.055e-05 -1.38581e-06 6.03497e-07
0 0 816 -9.35793e-06 -1.055e-05 -1.38581e-06 6.03497e-07
0 0 817 -9.35793e-06 -1.055e-05 -1.38581e-06 6.03497e-07
0 0 818 -9.35793e-06 -1.055e-05 -1.38581e-06 6.03497e-07
0 0 819 -9.35793e-06 -1.055e-05 -1.38581e-06 6.03497e-07
0 0 820 -9.35793e-06 -1.055e-05 -1.38581e-06 6.03497e-07
0 0 821 -9.35793e-06 -1.055e-05 -1.38581e-06 6.03497e-07
0 0 822 -9.35793e-06 -1.055e-05 -1.38581e-06 6.03497e-07
0 0 823 -9.35793e-06 -1.055e-05 -1.38581e-06 6.03497e-07
0 0 824 -9.35793e-06 -1.055e-05 -1.38581e-06 6.03497e-07
0 0 825 -9.35793e-06 -1.055e-05 -1.38581e-06 6.03497e-07
0 0 826 -9.35793e-06 -1.055e-05 -1.38581e-06 6.03497e-07
0 0 827 -9.35793e-06 -1.055e-05 -1.38581e-06 6.03497e-07
0 0 828 -9.35793e-06 -1.055e-05 -1.38581e-06 6.03497e-07
0 0 829 -9.35793e-06 -1.055e-05 -1.38581e-06 6.03497e-07
0 0 830 -9.35793e-06 -1.055e-05 -1.38581e-06 6.03497e-07
0 0 831 -9.35793e-06 -1.055e-05 -1.38581e-06 6.03497e-07
0 0 832 -9.35793e-06 -1.055e-05 -1.38581e-06 6.03497e-07
0 0 833 -9.35793e-06 -1.055e-05 -1.38581e-06 6.03497e-07
0 0 834 -9.35793e-06 -1.055e-05 -1.38581e-06 6.03497e-07
0 0 835 -9.35793e-06 -1.055e-05 -1.38581e-06 6.03497e-07
0 0 836 -9.35793e-06 -1.055e-05 -1.38581e-06 6.03497e-07
0 0 837 -9.35793e-06 -1.055e-05 -1.38581e-06 6.03497e-07
0 0 838 -9.35793e-06 -1.055e-05 -1.38581e-06 6.03497e-07
0 0 839 -9.35793e-06 -1.055e-05 -1.38581e-06 6.03497e-07
0 0 840 -9.35793e-06 -1.055e-05 -1.38581e-06 6.03497e-07
0 0 841 -9.35793e-06 -1.055e-05 -1.38581e-06 6.03497e-07
0 0 842 -9.35793e-06 -1.055e-05 -1.38581e-06 6.03497e-07
0 0 843 -9.35793e-06 -1.055e-05 -1.38581e-06 6.03497e-07
0 0 844 -9.35793e-06 -1.055e-05 -1.38581e-06 6.03497e-07
0 0 845 -9.35793e-06 -1.055e-05 -1.38581e-06 6.03497e-07
0 0 846 -9.35793e-06 -1.055e-05 -1.38581e-06 6.03497e-07
0 0 847 0.000109017 6.6638e-05 2.30074e-05 -7.72998e-05
0 0 848 3.01003e-05 7.76947e-05 1.9528e-05 -3.83481e-05
0 0 849 -9.35793e-06 -1.055e-05 -1.38581e-06 6.03497e-07
0 0 850 -9.35793e-06 -1.055e-05 -1.38581e-06 6.03497e-07
0 0 851 -9.35793e-06 -1.055e-05 -1.38581e-06 6.03497e-07
0 0 852 -9.35793e-06 -1.055e-05 -1.38581e-06 6.03497e-07
0 0 853 -9.35793e-06 -1.055e-05 -1.38581e-06 6.03497e-07
0 0 854 -9.35793e-06 -1.055e-05 -1.38581e-06 6.03497e-07
0 0 855 -9.35793e-06 -1.055e-05 -1.38581e-06 6.03497e-07
0 0 856 -9.35793e-06 -1.055e-05 -1.38581e-06 6.03497e-07
0 0 857 -9.35793e-06 -1.055e-05 -1.38581e-06 6.03497e-07
0 0 858 -9.35793e-06 -1.055e-05 -1.38581e-06 6.03497e-07
0 0 859 -9.35793e-06 -1.055e-05 -1.38581e-06 6.03497e-07
0 0 860 -9.35793e-06 -1.055e-05 -1.38581e-06 6.03497e-07
0 0 861 -9.35793e-06 -1.055e-05 -1.38581e-06 6.03497e-07
0 0 862 -9.35793e-06 -1.055e-05 -1.38581e-06 6.03497e-07
0 0 863 -9.35793e-06 -1.055e-05 -1.38581e-06 6.03497e-07
0 0 864 -9.35793e-06 -1.055e-05 -1.38581e-06 6.03497e-07
0 0 865 -9.35793e-06 -1.055e-05 -1.38581e-06 6.03497e-07
0 0 866 -9.35793e-06 -1.055e-05 -1.38581e-06 6.03497e-07
0 0 867 -9.35793e-06 -1.055e-05 -1.38581e-06 6.03497e-07
0 0 868 -9.35793e-06 -1.055e-05 -1.38581e-06 6.03497e-07
0 0 869 -9.35793e-06 -1.055e-05 -1.38581e-06 6.03497e-07
0 0 870 -9.35793e-06 -1.055e-05 -1.38581e-06 6.03497e-07
0 0 871 -9.35793e-06 -1.055e-05 -1.38581e-06 6.03497e-07
0 0 872 -9.35793e-06 -1.055e-05 -1.38581e-06 6.03497e-07
0 0 873 -9.35793e-06 -1.055e-05 -1.38581e-06 6.03497e-07
0 0 874 -9.35793e-06 -1.055e-05 -1.38581e-06 6.03497e-07
0 0 875 -9.35793e-06 -1.055e-05 -1.38581e-06 6.03497e-07
0 0 876 -9.35793e-06 -1.055e-05 -1.38581e-06 6.03497e-07
0 0 877 -9.35793e-06 -1.055e-05 -1.38581e-06 6.03497e-07
0 0 878 -9.35793e-06 -1.055e-05 -1.38581e-06 6.03497e-07
0 0 879 -9.35793e-06 -1.055e-05 -1.38581e-06 6.03497e-07
0 0 880 -9.35793e-06 -1.055e-05 -1.38581e-06 6.03497e-07
0 0 881 -9.35793e-06 -1.055e-05 -1.38581e-06 6.03497e-07
0 0 882 -9.35793e-06 -1.055e-05 -1.38581e-06 6.03497e-07
0 0 883 -9.35793e-06 -1.055e-05 -1.38581e-06 6.03497e-07
0 0 884 -9.35793e-06 -1.055e-05 -1.38581e-06 6.03497e-07
0 0 885 -9.35793e-06 -1.055e-05 -1.38581e-06 6.03497e-07
0 0 886 -9.35793e-06 -1.055e-05 -1.38581e-06 6.03497e-07
0 0 887 -9.35793e-06 -1.055e-05 -1.38581e-06 6.03497e-07
0 0 888 -9.35793e-06 -1.055e-05 -1.38581e-06 6.03497e-07
0 0 889 -9.35793e-06 -1.055e-05 -1.38581e-06 6.03497e-07
0 0 890 -9.35793e-06 -1.055e-05 -1.38581e-06 6.03497e-07
0 0 891 -9.35793e-06 -1.055e-05 -1.38581e-06 6.03497e-07
0 0 892 -9.35793e-06 -1.055e-05 -1.38581e-06 6.03497e-07
0 0 893 -9.35793e-06 -1.055e-05 -1.38581e-06 6.03497e-07
0 0 894 -9.35793e-06 -1.055e-05 -1.38581e-06 6.03497e-07
0 0 895 -9.35793e-06 -1.055e-05 -1.38581e-06 6.03497e-07
0 0 896 -9.35793e-06 -1.055e-05 -1.38581e-06 6.03497e-07
0 0 897 -9.35793e-06 -1.055e-05 -1.38581e-06 6.03497e-07
0 0 898 -9.35793e-06 -1.055e-05 -1.38581e-06 6.03497e-07
0 0 899 -9.35793e-06 -1.055e-05 -1.38581e-06 6.03497e-07
0 0 900 -9.35793e-06 -1.055e-05 -1.38581e-06 6.03497e-07
0 0 901 -9.35793e-06 -1.055e-05 -1.38581e-06 -2.93553e-06
0 0 902 -9.35793e-06 -1.055e-05 -1.38581e-06 -2.93553e-06
0 0 903 -9.35793e-06 4.76837e-07 -4.86523e-06 -2.93553e-06
0 0 904 -9.35793e-06 -1.055e-05 -1.38581e-06 -2.93553e-06
0 0 905 -9.35793e-06 -1.055e-05 -1.38581e-06 6.03497e-07
0 0 906 -9.35793e-06 -1.055e-05 -1.38581e-06 6.03497e-07
0 0 907 -9.35793e-06 -1.055e-05 -1.38581e-06 6.03497e-07
0 0 908 -9.35793e-06 -1.055e-05 -1.38581e-06 6.03497e-07
0 0 909 -9.35793e-06 -1.055e-05 -1.38581e-06 6.03497e-07
0 0 910 -9.35793e-06 -1.055e-05 -1.38581e-06 6.03497e-07
0 0 911 -9.35793e-06 -1.055e-05 -1.38581e-06 6.03497e-07
0 0 912 -9.35793e-06 -1.055e-05 -1.38581e-06 6.03497e-07
0 0 913 -9.35793e-06 -1.055e-05 -1.38581e-06 6.03497e-07
0 0 914 -9.35793e-06 -1.055e-05 -1.38581e-06 6.03497e-07
0 0 915 -9.35793e-06 -1.055e-05 -1.38581e-06 6.03497e-07
0 0 916 -9.35793e-06 -1.055e-05 -1.38581e-06 6.03497e-07
0 0 917 -9.35793e-06 -1.055e-05 -1.38581e-06 6.03497e-07
0 0 918 -9.35793e-06 -1.055e-05 -1.38581e-06 6.03497e-07
0 0 919 -9.35793e-06 -1.055e-05 -1.38581e-06 6.03497e-07
0 0 920 -9.35793e-06 -1.055e-05 -1.38581e-06 6.03497e-07
0 0 921 -9.35793e-06 -1.055e-05 -1.38581e-06 6.03497e-07
0 0 922 -9.35793e-06 -1.055e-05 -1.38581e-06 6.03497e-07
0 0 923 -9.35793e-06 -1.055e-05 -1.38581e-06 6.03497e-07
0 0 924 -9.35793e-06 -1.055e-05 -1.38581e-06 6.03497e-07
0 0 925 -9.35793e-06 -1.055e-05 -1.38581e-06 6.03497e-07
0 0 926 -9.35793e-06 -1.055e-05 -1.38581e-06 6.03497e-07
0 0 927 -9.35793e-06 -1.055e-05 -1.38581e-06 6.03497e-07
0 0 928 -9.35793e-06 -1.055e-05 -1.38581e-06 6.03497e-07
0 0 929 -9.35793e-06 -1.055e-05 -1.38581e-06 6.03497e-07
0 0 930 -9.35793e-06 -1.055e-05 -1.38581e-06 6.03497e-07
0 0 931 -9.35793e-06 -1.055e-05 -1.38581e-06 6.03497e-07
0 0 932 -9.35793e-06 -1.055e-05 -1.38581e-06 6.03497e-07
0 0 933 -9.35793e-06 -1.055e-05 -1.38581e-06 6.03497e-07
0 0 934 -9.35793e-06 -1.055e-05 -1.38581e-06 6.03497e-07
0 0 935 -9.35793e-06 -1.055e-05 -1.38581e-06 6.03497e-07
0 0 936 -9.35793e-06 -1.055e-05 -1.38581e-06 6.03497e-07
0 0 937 -9.35793e-06 -1.055e-05 -1.38581e-06 6.03497e-07
0 0 938 -9.35793e-06 -1.055e-05 -1.38581e-06 6.03497e-07
0 0 939 -9.35793e-06 -1.055e-05 -1.38581e-06 6.03497e-07
0 0 940 -9.35793e-06 -1.055e-05 -1.38581e-06 6.03497e-07
0 0 941 -9.35793e-06 -1.055e-05 -1.38581e-06 6.03497e-07
0 0 942 -9.35793e-06 -1.055e-05 -1.38581e-06 6.03497e-07
0 0 943 -9.35793e-06 -1.055e-05 -1.38581e-06 6.03497e-07
0 0 944 -9.35793e-06 -1.055e-05 -1.38581e-06 6.03497e-07
0 0 945 -9.35793e-06 -1.055e-05 -1.38581e-06 6.03497e-07
0 0 946 -9.35793e-06 -1.055e-05 -1.38581e-06 6.03497e-07
0 0 947 -9.35793e-06 -1.055e-05 -1.38581e-06 6.03497e-07
0 0 948 -9.35793e-06 -1.055e-05 -1.38581e-06 6.03497e-07
0 0 949 -9.35793e-06 -1.055e-05 -1.38581e-06 6.03497e-07
0 0 950 -9.35793e-06 -1.055e-05 -1.38581e-06 6.03497e-07
0 0 951 -9.35793e-06 -1.055e-05 -1.38581e-06 6.03497e-07
0 0 952 -9.35793e-06 -1.055e-05 -1.38581e-06 6.03497e-07
0 0 953 -9.35793e-06 -1.055e-05 -1.38581e-06 6.03497e-07
0 0 954 -9.35793e-06 -1.055e-05 -1.38581e-06 -2.93553e-06
0 0 955 -9.35793e-06 -1.055e-05 -1.38581e-06 -2.93553e-06
0 0 956 -8.82149e-05 -2.15769e-05 -1.1839e-05 2.89306e-05
0 0 957 -0.000107944 -0.000153929 -3.62322e-05 9.26703e-05
0 0 958 -9.35793e-06 -1.055e-05 -1.38581e-06 6.03497e-07
0 0 959 -9.35793e-06 -1.055e-05 -1.38581e-06 6.03497e-07
0 0 960 -9.35793e-06 -1.055e-05 -1.38581e-06 6.03497e-07
0 0 961 -9.35793e-06 -1.055e-05 -1.38581e-06 6.03497e-07
0 0 962 -9.35793e-06 -1.055e-05 -1.38581e-06 6.03497e-07
0 0 963 -9.35793e-06 -1.055e-05 -1.38581e-06 6.03497e-07
0 0 964 -9.35793e-06 -1.055e-05 -1.38581e-06 6.03497e-07
0 0 965 -9.35793e-06 -1.055e-05 -1.38581e-06 6.03497e-07
0 0 966 -9.35793e-06 -1.055e-05 -1.38581e-06 6.03497e-07
0 0 967 -9.35793e-06 -1.055e-05 -1.38581e-06 6.03497e-07
0 0 968 -9.35793e-06 -1.055e-05 -1.38581e-06 6.03497e-07
0 0 969 -9.35793e-06 -1.055e-05 -1.38581e-06 6.03497e-07
0 0 970 -9.35793e-06 -1.055e-05 -1.38581e-06 6.03497e-07
0 0 971 -9.35793e-06 -1.055e-05 -1.38581e-06 6.03497e-07
0 0 972 -9.35793e-06 -1.055e-05 -1.38581e-06 6.03497e-07
0 0 973 -9.35793e-06 -1.055e-05 -1.38581e-06 6.03497e-07
0 0 974 -9.35793e-06 -1.055e-05 -1.38581e-06 6.03497e-07
0 0 975 -9.35793e-06 -1.055e-05 -1.38581e-06 6.03497e-07
0 0 976 -9.35793e-06 -1.055e-05 -1.38581e-06 6.03497e-07
0 0 977 -9.35793e-06 -1.055e-05 -1.38581e-06 6.03497e-07
0 0 978 -9.35793e-06 -1.055e-05 -1.38581e-06 6.03497e-07
0 0 979 -9.35793e-06 -1.055e-05 -1.38581e-06 6.03497e-07
0 0 980 -9.35793e-06 -1.055e-05 -1.38581e-06 6.03497e-07
0 0 981 -9.35793e-06 -1.055e-05 -1.38581e-06 6.03497e-07
0 0 982 -9.35793e-06 -1.055e-05 -1.38581e-06 6.03497e-07
0 0 983 -9.35793e-06 -1.055e-05 -1.38581e-06 6.03497e-07
0 0 984 -9.35793e-06 -1.055e-05 -1.38581e-06 6.03497e-07
0 0 985 -9.35793e-06 -1.055e-05 -1.38581e-06 6.03497e-07
0 0 986 -9.35793e-06 -1.055e-05 -1.38581e-06 6.03497e-07
0 0 987 -9.35793e-06 -1.055e-05 -1.38581e-06 6.03497e-07
0 0 988 -9.35793e-06 -1.055e-05 -1.38581e-06 6.03497e-07
0 0 989 -9.35793e-06 -1.055e-05 -1.38581e-06 6.03497e-07
0 0 990 -9.35793e-06 -1.055e-05 -1.38581e-06 6.03497e-07
0 0 991 -9.35793e-06 -1.055e-05 -1.38581e-06 6.03497e-07
0 0 992 -9.35793e-06 -1.055e-05 -1.38581e-06 6.03497e-07
0 0 993 -9.35793e-06 -1.055e-05 -1.38581e-06 6.03497e-07
0 0 994 -9.35793e-06 -1.055e-05 -1.38581e-06 6.03497e-07
0 0 995 -9.35793e-06 -1.055e-05 -1.38581e-06 6.03497e-07
0 0 996 -9.35793e-06 -1.055e-05 -1.38581e-06 6.03497e-07
0 0 997 -9.35793e-06 -1.055e-05 -1.38581e-06 6.03497e-07
0 0 998 -9.35793e-06 -1.055e-05 -1.38581e-06 6.03497e-07
0 0 999 -9.35793e-06 -1.055e-05 -1.38581e-06 6.03497e-07
0 0 1000 -9.35793e-06 -1.055e-05 -1.38581e-06 6.03497e-07
0 0 1001 -9.35793e-06 -1.055e-05 -1.38581e-06 6.03497e-07
0 0 1002 -9.35793e-06 -1.055e-05 -1.38581e-06 6.03497e-07
0 0 1003 -9.35793e-06 -1.055e-05 -1.38581e-06 6.03497e-07
0 0 1004 -9.35793e-06 -1.055e-05 -1.38581e-06 6.03497e-07
0 0 1005 -9.35793e-06 -1.055e-05 -1.38581e-06 6.03497e-07
0 0 1006 -9.35793e-06 -1.055e-05 -1.38581e-06 6.03497e-07
0 0 1007 -9.35793e-06 -1.055e-05 -1.38581e-06 6.03497e-07
0 0 1008 -9.35793e-06 -1.055e-05 -1.38581e-06 6.03497e-07
0 0 1009 -9.35793e-06 -1.055e-05 -1.38581e-06 6.03497e-07
0 0 1010 -9.35793e-06 -1.055e-05 -1.38581e-06 6.03497e-07
0 0 1011 -9.35793e-06 -1.055e-05 -1.38581e-06 6.03497e-07
0 0 1012 -9.35793e-06 -1.055e-05 2.10106e-06 4.14252e-06
0 0 1013 -9.35793e-06 -1.055e-05 -1.38581e-06 6.03497e-07
0 0 1014 -9.35793e-06 -1.055e-05 -1.38581e-06 6.03497e-07
0 0 1015 -9.35793e-06 -1.055e-05 -1.38581e-06 6.03497e-07
0 0 1016 -9.35793e-06 -1.055e-05 -1.38581e-06 6.03497e-07
0 0 1017 -9.35793e-06 -1.055e-05 -1.38581e-06 6.03497e-07
0 0 1018 -9.35793e-06 -1.055e-05 -1.38581e-06 6.03497e-07
0 0 1019 -9.35793e-06 -1.055e-05 -1.38581e-06 6.03497e-07
0 0 1020 -9.35793e-06 -1.055e-05 -1.38581e-06 6.03497e-07
0 0 1021 -9.35793e-06 -1.055e-05 -1.38581e-06 6.03497e-07
0 0 1022 -9.35793e-06 -1.055e-05 -1.38581e-06 6.03497e-07
0 0 1023 -9.35793e-06 -1.055e-05 -1.38581e-06 6.03497e-07
