0 0 0 -2.72691e-06 -4.88013e-07 1.25356e-06 7.7486e-07
0 0 1 -2.72691e-06 -4.88013e-07 1.25356e-06 7.7486e-07
0 0 2 -2.72691e-06 -4.88013e-07 1.25356e-06 7.7486e-07
0 0 3 -2.72691e-06 -4.88013e-07 1.25356e-06 7.7486e-07
0 0 4 -2.72691e-06 -4.88013e-07 1.25356e-06 7.7486e-07
0 0 5 -2.72691e-06 -4.88013e-07 1.25356e-06 7.7486e-07
0 0 6 -2.72691e-06 -4.88013e-07 1.25356e-06 7.7486e-07
0 0 7 -2.72691e-06 -4.88013e-07 1.25356e-06 7.7486e-07
0 0 8 -2.72691e-06 -4.88013e-07 1.25356e-06 7.7486e-07
0 0 9 -2.72691e-06 -4.88013e-07 1.25356e-06 7.7486e-07
0 0 10 -2.72691e-06 -4.88013e-07 1.25356e-06 7.7486e-07
0 0 11 -2.72691e-06 -4.88013e-07 1.25356e-06 7.7486e-07
0 0 12 -2.72691e-06 -4.88013e-07 1.25356e-06 7.7486e-07
0 0 13 -2.72691e-06 -4.88013e-07 1.25356e-06 7.7486e-07
0 0 14 -2.72691e-06 -4.88013e-07 1.25356e-06 7.7486e-07
0 0 15 -2.72691e-06 -4.88013e-07 1.25356e-06 7.7486e-07
0 0 16 -2.72691e-06 -4.88013e-07 1.25356e-06 7.7486e-07
0 0 17 -2.72691e-06 -4.88013e-07 1.25356e-06 7.7486e-07
0 0 18 -2.72691e-06 -4.88013e-07 1.25356e-06 7.7486e-07
0 0 19 -2.72691e-06 -4.88013e-07 1.25356e-06 7.7486e-07
0 0 20 -2.72691e-06 -4.88013e-07 1.25356e-06 7.7486e-07
0 0 21 -2.72691e-06 -4.88013e-07 1.25356e-06 7.7486e-07
0 0 22 -2.72691e-06 -4.88013e-07 1.25356e-06 7.7486e-07
0 0 23 -2.72691e-06 -4.88013e-07 1.25356e-06 7.7486e-07
0 0 24 -2.72691e-06 -4.88013e-07 1.25356e-06 7.7486e-07
0 0 25 -2.72691e-06 -4.88013e-07 1.25356e-06 7.7486e-07
0 0 26 -2.72691e-06 -4.88013e-07 1.25356e-06 7.7486e-07
0 0 27 -2.72691e-06 -4.88013e-07 1.25356e-06 7.7486e-07
0 0 28 -2.72691e-06 -4.88013e-07 1.25356e-06 7.7486e-07
0 0 29 -2.72691e-06 -4.88013e-07 1.25356e-06 7.7486e-07
0 0 30 -2.72691e-06 -4.88013e-07 1.25356e-06 7.7486e-07
0 0 31 -2.72691e-06 -4.88013e-07 1.25356e-06 7.7486e-07
0 0 32 -2.72691e-06 -4.88013e-07 1.25356e-06 7.7486e-07
0 0 33 -2.72691e-06 -4.88013e-07 1.25356e-06 7.7486e-07
0 0 34 -2.72691e-06 -4.88013e-07 1.25356e-06 7.7486e-07
0 0 35 -2.72691e-06 -4.88013e-07 1.25356e-06 7.7486e-07
0 0 36 -2.72691e-06 -4.88013e-07 1.25356e-06 7.7486e-07
0 0 37 -2.72691e-06 -4.88013e-07 1.25356e-06 7.7486e-07
0 0 38 -2.72691e-06 -4.88013e-07 1.25356e-06 7.7486e-07
0 0 39 -2.72691e-06 -4.88013e-07 1.25356e-06 7.7486e-07
0 0 40 -2.72691e-06 -4.88013e-07 1.25356e-06 7.7486e-07
0 0 41 -2.72691e-06 -4.88013e-07 1.25356e-06 7.7486e-07
0 0 42 -2.72691e-06 -4.88013e-07 1.25356e-06 7.7486e-07
0 0 43 -2.72691e-06 -4.88013e-07 1.25356e-06 7.7486e-07
0 0 44 -2.72691e-06 -4.88013e-07 1.25356e-06 7.7486e-07
0 0 45 -2.72691e-06 -4.88013e-07 1.25356e-06 7.7486e-07
0 0 46 -2.72691e-06 -4.88013e-07 1.25356e-06 7.7486e-07
0 0 47 -2.72691e-06 -4.88013e-07 1.25356e-06 7.7486e-07
0 0 48 -2.72691e-06 -4.88013e-07 1.25356e-06 7.7486e-07
0 0 49 -2.72691e-06 -4.88013e-07 1.25356e-06 7.7486e-07
0 0 50 -2.72691e-06 -4.88013e-07 1.25356e-06 7.7486e-07
0 0 51 -2.72691e-06 -4.88013e-07 1.25356e-06 7.7486e-07
0 0 52 -2.72691e-06 -4.88013e-07 1.25356e-06 7.7486e-07
0 0 53 -2.72691e-06 -4.88013e-07 1.25356e-06 7.7486e-07
0 0 54 -2.72691e-06 -4.88013e-07 1.25356e-06 7.7486e-07
0 0 55 -2.72691e-06 -4.88013e-07 1.25356e-06 7.7486e-07
0 0 56 -2.72691e-06 -4.88013e-07 1.25356e-06 7.7486e-07
0 0 57 -2.72691e-06 -4.88013e-07 1.25356e-06 7.7486e-07
0 0 58 -2.72691e-06 -4.88013e-07 1.25356e-06 7.7486e-07
0 0 59 -2.72691e-06 -4.88013e-07 1.25356e-06 7.7486e-07
0 0 60 -2.72691e-06 -4.88013e-07 1.25356e-06 7.7486e-07
0 0 61 -2.72691e-06 -4.88013e-07 1.25356e-06 7.7486e-07
0 0 62 -2.72691e-06 -4.88013e-07 1.25356e-06 7.7486e-07
0 0 63 -2.72691e-06 -4.88013e-07 1.25356e-06 7.7486e-07
0 0 64 -2.72691e-06 -4.88013e-07 1.25356e-06 7.7486e-07
0 0 65 -2.72691e-06 -4.88013e-07 1.25356e-06 7.7486e-07
0 0 66 -2.72691e-06 -4.88013e-07 1.25356e-06 7.7486e-07
0 0 67 -2.72691e-06 -4.88013e-07 1.25356e-06 7.7486e-07
0 0 68 -2.72691e-06 -4.88013e-07 1.25356e-06 7.7486e-07
0 0 69 -2.72691e-06 -4.88013e-07 1.25356e-06 7.7486e-07
0 0 70 -2.72691e-06 -4.88013e-07 1.25356e-06 7.7486e-07
0 0 71 -2.72691e-06 -4.88013e-07 1.25356e-06 7.7486e-07
0 0 72 -2.72691e-06 -4.88013e-07 1.25356e-06 7.7486e-07
0 0 73 -2.72691e-06 -4.88013e-07 1.25356e-06 7.7486e-07
0 0 74 -2.72691e-06 -4.88013e-07 1.25356e-06 7.7486e-07
0 0 75 -2.72691e-06 -4.88013e-07 1.25356e-06 7.7486e-07
0 0 76 -2.72691e-06 -4.88013e-07 1.25356e-06 7.7486e-07
0 0 77 -2.72691e-06 -4.88013e-07 1.25356e-06 7.7486e-07
0 0 78 -2.72691e-06 -4.88013e-07 1.25356e-06 7.7486e-07
0 0 79 -2.72691e-06 -4.88013e-07 1.25356e-06 7.7486e-07
0 0 80 -2.72691e-06 -4.88013e-07 1.25356e-06 7.7486e-07
0 0 81 -2.72691e-06 -4.88013e-07 1.25356e-06 7.7486e-07
0 0 82 -2.72691e-06 -4.88013e-07 1.25356e-06 7.7486e-07
0 0 83 -2.72691e-06 -4.88013e-07 1.25356e-06 7.7486e-07
0 0 84 -2.72691e-06 -4.88013e-07 1.25356e-06 7.7486e-07
0 0 85 -2.72691e-06 -4.88013e-07 1.25356e-06 7.7486e-07
0 0 86 -2.72691e-06 -4.88013e-07 1.25356e-06 7.7486e-07
0 0 87 -2.72691e-06 -4.88013e-07 1.25356e-06 7.7486e-07
0 0 88 -2.72691e-06 -4.88013e-07 1.25356e-06 7.7486e-07
0 0 89 -2.72691e-06 -4.88013e-07 1.25356e-06 7.7486e-07
0 0 90 -2.72691e-06 -4.88013e-07 1.25356e-06 7.7486e-07
0 0 91 -2.72691e-06 -4.88013e-07 1.25356e-06 7.7486e-07
0 0 92 -2.72691e-06 -4.88013e-07 1.25356e-06 7.7486e-07
0 0 93 -2.72691e-06 -4.88013e-07 1.25356e-06 7.7486e-07
0 0 94 -2.72691e-06 -4.88013e-07 1.25356e-06 7.7486e-07
0 0 95 -2.72691e-06 -4.88013e-07 1.25356e-06 7.7486e-07
0 0 96 -2.72691e-06 -4.88013e-07 1.25356e-06 7.7486e-07
0 0 97 -2.72691e-06 -4.88013e-07 1.25356e-06 7.7486e-07
0 0 98 -2.72691e-06 -4.88013e-07 1.25356e-06 7.7486e-07
0 0 99 -2.72691e-06 -4.88013e-07 1.25356e-06 7.7486e-07
0 0 100 -2.72691e-06 -4.88013e-07 1.25356e-06 7.7486e-07
0 0 101 -2.72691e-06 -4.88013e-07 1.25356e-06 7.7486e-07
0 0 102 -2.72691e-06 -4.88013e-07 1.25356e-06 7.7486e-07
0 0 103 -2.72691e-06 -4.88013e-07 1.25356e-06 7.7486e-07
0 0 104 -2.72691e-06 -4.88013e-07 1.25356e-06 7.7486e-07
0 0 105 -2.72691e-06 -4.88013e-07 1.25356e-06 7.7486e-07
0 0 106 -2.72691e-06 -4.88013e-07 1.25356e-06 7.7486e-07
0 0 107 -2.72691e-06 -4.88013e-07 1.25356e-06 7.7486e-07
0 0 108 -2.72691e-06 -4.88013e-07 1.25356e-06 7.7486e-07
0 0 109 -2.72691e-06 -4.88013e-07 1.25356e-06 7.7486e-07
0 0 110 -2.72691e-06 -4.88013e-07 1.25356e-06 7.7486e-07
0 0 111 -2.72691e-06 -4.88013e-07 1.25356e-06 7.7486e-07
0 0 112 -2.72691e-06 -4.88013e-07 1.25356e-06 7.7486e-07
0 0 113 -2.72691e-06 -4.88013e-07 1.25356e-06 7.7486e-07
0 0 114 -2.72691e-06 -4.88013e-07 1.25356e-06 7.7486e-07
0 0 115 -2.72691e-06 -4.88013e-07 1.25356e-06 7.7486e-07
0 0 116 -2.72691e-06 -4.88013e-07 1.25356e-06 7.7486e-07
0 0 117 -2.72691e-06 -4.88013e-07 1.25356e-06 7.7486e-07
0 0 118 -2.72691e-06 -4.88013e-07 1.25356e-06 7.7486e-07
0 0 119 -2.72691e-06 -4.88013e-07 1.25356e-06 7.7486e-07
0 0 120 -2.72691e-06 -4.88013e-07 1.25356e-06 7.7486e-07
0 0 121 -2.72691e-06 -4.88013e-07 1.25356e-06 7.7486e-07
0 0 122 -2.72691e-06 -4.88013e-07 1.25356e-06 7.7486e-07
0 0 123 -2.72691e-06 -4.88013e-07 1.25356e-06 7.7486e-07
0 0 124 -2.72691e-06 -4.88013e-07 1.25356e-06 7.7486e-07
0 0 125 -2.72691e-06 -4.88013e-07 1.25356e-06 7.7486e-07
0 0 126 -2.72691e-06 -4.88013e-07 1.25356e-06 7.7486e-07
0 0 127 -2.72691e-06 -4.88013e-07 1.25356e-06 7.7486e-07
0 0 128 -2.72691e-06 -4.88013e-07 1.25356e-06 7.7486e-07
0 0 129 -2.72691e-06 -4.88013e-07 1.25356e-06 7.7486e-07
0 0 130 -2.72691e-06 -4.88013e-07 1.25356e-06 7.7486e-07
0 0 131 -2.72691e-06 -4.88013e-07 1.25356e-06 7.7486e-07
0 0 132 -2.72691e-06 -4.88013e-07 1.25356e-06 7.7486e-07
0 0 133 -2.72691e-06 -4.88013e-07 1.25356e-06 7.7486e-07
0 0 134 -2.72691e-06 -4.88013e-07 1.25356e-06 7.7486e-07
0 0 135 -2.72691e-06 -4.88013e-07 1.25356e-06 7.7486e-07
0 0 136 -2.72691e-06 -4.88013e-07 1.25356e-06 7.7486e-07
0 0 137 -2.72691e-06 -4.88013e-07 1.25356e-06 7.7486e-07
0 0 138 -2.72691e-06 -4.88013e-07 1.25356e-06 7.7486e-07
0 0 139 -2.72691e-06 -4.88013e-07 1.25356e-06 7.7486e-07
0 0 140 -2.72691e-06 -4.88013e-07 1.25356e-06 7.7486e-07
0 0 141 -2.72691e-06 -4.88013e-07 1.25356e-06 7.7486e-07
0 0 142 -2.72691e-06 -4.88013e-07 1.25356e-06 7.7486e-07
0 0 143 -2.72691e-06 -4.88013e-07 1.25356e-06 7.7486e-07
0 0 144 -2.72691e-06 -4.88013e-07 1.25356e-06 7.7486e-07
0 0 145 -2.72691e-06 -4.88013e-07 1.25356e-06 7.7486e-07
0 0 146 -2.72691e-06 -4.88013e-07 1.25356e-06 7.7486e-07
0 0 147 -2.72691e-06 -4.88013e-07 1.25356e-06 7.7486e-07
0 0 148 -2.72691e-06 -4.88013e-07 1.25356e-06 7.7486e-07
0 0 149 -2.72691e-06 -4.88013e-07 1.25356e-06 7.7486e-07
0 0 150 -2.72691e-06 -4.88013e-07 1.25356e-06 7.7486e-07
0 0 151 -2.72691e-06 -4.88013e-07 1.25356e-06 7.7486e-07
0 0 152 -2.72691e-06 -4.88013e-07 1.25356e-06 7.7486e-07
0 0 153 -2.72691e-06 -4.88013e-07 1.25356e-06 7.7486e-07
0 0 154 -2.72691e-06 -4.88013e-07 1.25356e-06 7.7486e-07
0 0 155 -2.72691e-06 -4.88013e-07 1.25356e-06 7.7486e-07
0 0 156 -2.72691e-06 -4.88013e-07 1.25356e-06 7.7486e-07
0 0 157 -2.72691e-06 -4.88013e-07 1.25356e-06 7.7486e-07
0 0 158 -2.72691e-06 -4.88013e-07 1.25356e-06 7.7486e-07
0 0 159 -2.72691e-06 -4.88013e-07 1.25356e-06 7.7486e-07
0 0 160 -2.72691e-06 -4.88013e-07 1.25356e-06 7.7486e-07
0 0 161 -2.72691e-06 -4.88013e-07 1.25356e-06 7.7486e-07
0 0 162 -2.72691e-06 -4.88013e-07 1.25356e-06 7.7486e-07
0 0 163 -2.72691e-06 -4.88013e-07 1.25356e-06 7.7486e-07
0 0 164 -2.72691e-06 -4.88013e-07 1.25356e-06 7.7486e-07
0 0 165 -2.72691e-06 -4.88013e-07 1.25356e-06 7.7486e-07
0 0 166 -2.72691e-06 -4.88013e-07 1.25356e-06 7.7486e-07
0 0 167 -2.72691e-06 -4.88013e-07 1.25356e-06 7.7486e-07
0 0 168 -2.72691e-06 -4.88013e-07 1.25356e-06 7.7486e-07
0 0 169 -2.72691e-06 -4.88013e-07 1.25356e-06 7.7486e-07
0 0 170 -2.72691e-06 -4.88013e-07 1.25356e-06 7.7486e-07
0 0 171 -2.72691e-06 -4.88013e-07 1.25356e-06 7.7486e-07
0 0 172 -2.72691e-06 -4.88013e-07 1.25356e-06 7.7486e-07
0 0 173 -2.72691e-06 -4.88013e-07 1.25356e-06 7.7486e-07
0 0 174 -2.72691e-06 -4.88013e-07 1.25356e-06 7.7486e-07
0 0 175 -2.72691e-06 -4.88013e-07 1.25356e-06 7.7486e-07
0 0 176 -2.72691e-06 -4.88013e-07 1.25356e-06 7.7486e-07
0 0 177 -2.72691e-06 -4.88013e-07 1.25356e-06 7.7486e-07
0 0 178 -2.72691e-06 -4.88013e-07 1.25356e-06 7.7486e-07
0 0 179 -2.72691e-06 -4.88013e-07 1.25356e-06 7.7486e-07
0 0 180 -2.72691e-06 -4.88013e-07 1.25356e-06 7.7486e-07
0 0 181 -2.72691e-06 -4.88013e-07 1.25356e-06 7.7486e-07
0 0 182 -2.72691e-06 -4.88013e-07 1.25356e-06 7.7486e-07
0 0 183 -2.72691e-06 -4.88013e-07 1.25356e-06 7.7486e-07
0 0 184 -2.72691e-06 -4.88013e-07 1.25356e-06 7.7486e-07
0 0 185 -2.72691e-06 -4.88013e-07 1.25356e-06 7.7486e-07
0 0 186 -2.72691e-06 -4.88013e-07 1.25356e-06 7.7486e-07
0 0 187 -2.72691e-06 -4.88013e-07 1.25356e-06 7.7486e-07
0 0 188 -2.72691e-06 -4.88013e-07 1.25356e-06 7.7486e-07
0 0 189 -2.72691e-06 -4.88013e-07 1.25356e-06 7.7486e-07
0 0 190 -2.72691e-06 -4.88013e-07 1.25356e-06 7.7486e-07
0 0 191 -2.72691e-06 -4.88013e-07 1.25356e-06 7.7486e-07
0 0 192 -2.72691e-06 -4.88013e-07 1.25356e-06 7.7486e-07
0 0 193 -2.72691e-06 -4.88013e-07 1.25356e-06 7.7486e-07
0 0 194 -2.72691e-06 -4.88013e-07 1.25356e-06 7.7486e-07
0 0 195 -2.72691e-06 -4.88013e-07 1.25356e-06 7.7486e-07
0 0 196 -2.72691e-06 -4.88013e-07 1.25356e-06 7.7486e-07
0 0 197 -2.72691e-06 -4.88013e-07 1.25356e-06 7.7486e-07
0 0 198 -2.72691e-06 -4.88013e-07 1.25356e-06 7.7486e-07
0 0 199 -2.72691e-06 -4.88013e-07 1.25356e-06 7.7486e-07
0 0 200 -2.72691e-06 -4.88013e-07 1.25356e-06 7.7486e-07
0 0 201 -2.72691e-06 -4.88013e-07 1.25356e-06 7.7486e-07
0 0 202 -2.72691e-06 -4.88013e-07 1.25356e-06 7.7486e-07
0 0 203 -2.72691e-06 -4.88013e-07 1.25356e-06 7.7486e-07
0 0 204 -2.72691e-06 -4.88013e-07 1.25356e-06 7.7486e-07
0 0 205 -2.72691e-06 -4.88013e-07 1.25356e-06 7.7486e-07
0 0 206 -2.72691e-06 -4.88013e-07 1.25356e-06 7.7486e-07
0 0 207 -2.72691e-06 -4.88013e-07 1.25356e-06 7.7486e-07
0 0 208 -2.72691e-06 -4.88013e-07 1.25356e-06 7.7486e-07
0 0 209 -2.72691e-06 -4.88013e-07 1.25356e-06 7.7486e-07
0 0 210 -2.72691e-06 -4.88013e-07 1.25356e-06 7.7486e-07
0 0 211 -2.72691e-06 -4.88013e-07 1.25356e-06 7.7486e-07
0 0 212 -2.72691e-06 -4.88013e-07 1.25356e-06 7.7486e-07
0 0 213 -2.72691e-06 -4.88013e-07 1.25356e-06 7.7486e-07
0 0 214 -2.72691e-06 -4.88013e-07 1.25356e-06 7.7486e-07
0 0 215 -2.72691e-06 -4.88013e-07 1.25356e-06 7.7486e-07
0 0 216 -2.72691e-06 -4.88013e-07 1.25356e-06 7.7486e-07
0 0 217 -2.72691e-06 -4.88013e-07 1.25356e-06 7.7486e-07
0 0 218 -2.72691e-06 -4.88013e-07 1.25356e-06 7.7486e-07
0 0 219 -2.72691e-06 -4.88013e-07 1.25356e-06 7.7486e-07
0 0 220 -2.72691e-06 -4.88013e-07 1.25356e-06 7.7486e-07
0 0 221 -2.72691e-06 -4.88013e-07 1.25356e-06 7.7486e-07
0 0 222 -2.72691e-06 -4.88013e-07 1.25356e-06 7.7486e-07
0 0 223 -2.72691e-06 -4.88013e-07 1.25356e-06 7.7486e-07
0 0 224 -2.72691e-06 -4.88013e-07 1.25356e-06 7.7486e-07
0 0 225 -2.72691e-06 -4.88013e-07 1.25356e-06 7.7486e-07
0 0 226 -2.72691e-06 -4.88013e-07 1.25356e-06 7.7486e-07
0 0 227 -2.72691e-06 -4.88013e-07 1.25356e-06 7.7486e-07
0 0 228 -2.72691e-06 -4.88013e-07 1.25356e-06 7.7486e-07
0 0 229 -2.72691e-06 -4.88013e-07 1.25356e-06 7.7486e-07
0 0 230 -2.72691e-06 -4.88013e-07 1.25356e-06 7.7486e-07
0 0 231 -2.72691e-06 -4.88013e-07 1.25356e-06 7.7486e-07
0 0 232 -2.72691e-06 -4.88013e-07 1.25356e-06 7.7486e-07
0 0 233 -2.72691e-06 -4.88013e-07 1.25356e-06 7.7486e-07
0 0 234 -2.72691e-06 -4.88013e-07 1.25356e-06 7.7486e-07
0 0 235 -2.72691e-06 -4.88013e-07 1.25356e-06 7.7486e-07
0 0 236 -2.72691e-06 -4.88013e-07 1.25356e-06 7.7486e-07
0 0 237 -2.72691e-06 -4.88013e-07 1.25356e-06 7.7486e-07
0 0 238 -2.72691e-06 -4.88013e-07 1.25356e-06 7.7486e-07
0 0 239 -2.72691e-06 -4.88013e-07 1.25356e-06 7.7486e-07
0 0 240 -2.72691e-06 -4.88013e-07 1.25356e-06 7.7486e-07
0 0 241 -2.72691e-06 -4.88013e-07 1.25356e-06 7.7486e-07
0 0 242 -2.72691e-06 -4.88013e-07 1.25356e-06 7.7486e-07
0 0 243 -2.72691e-06 -4.88013e-07 1.25356e-06 7.7486e-07
0 0 244 -2.72691e-06 -4.88013e-07 1.25356e-06 7.7486e-07
0 0 245 -2.72691e-06 -4.88013e-07 1.25356e-06 7.7486e-07
0 0 246 -2.72691e-06 -4.88013e-07 1.25356e-06 7.7486e-07
0 0 247 -2.72691e-06 -4.88013e-07 1.25356e-06 7.7486e-07
0 0 248 -2.72691e-06 -4.88013e-07 1.25356e-06 7.7486e-07
0 0 249 -2.72691e-06 -4.88013e-07 1.25356e-06 7.7486e-07
0 0 250 -2.72691e-06 -4.88013e-07 1.25356e-06 7.7486e-07
0 0 251 -2.72691e-06 -4.88013e-07 1.25356e-06 7.7486e-07
0 0 252 -2.72691e-06 -4.88013e-07 1.25356e-06 7.7486e-07
0 0 253 -2.72691e-06 -4.88013e-07 1.25356e-06 7.7486e-07
0 0 254 -2.72691e-06 -4.88013e-07 1.25356e-06 7.7486e-07
0 0 255 -2.72691e-06 -4.88013e-07 1.25356e-06 7.7486e-07
0 0 256 -2.72691e-06 -4.88013e-07 1.25356e-06 7.7486e-07
0 0 257 -2.72691e-06 -4.88013e-07 1.25356e-06 7.7486e-07
0 0 258 -2.72691e-06 -4.88013e-07 1.25356e-06 7.7486e-07
0 0 259 -2.72691e-06 -4.88013e-07 1.25356e-06 7.7486e-07
0 0 260 -2.72691e-06 -4.88013e-07 1.25356e-06 7.7486e-07
0 0 261 -2.72691e-06 -4.88013e-07 1.25356e-06 7.7486e-07
0 0 262 -2.72691e-06 -4.88013e-07 1.25356e-06 7.7486e-07
0 0 263 -2.72691e-06 -4.88013e-07 1.25356e-06 7.7486e-07
0 0 264 -2.72691e-06 -4.88013e-07 1.25356e-06 7.7486e-07
0 0 265 -2.72691e-06 -4.88013e-07 1.25356e-06 7.7486e-07
0 0 266 -2.72691e-06 -4.88013e-07 1.25356e-06 7.7486e-07
0 0 267 -2.72691e-06 -4.88013e-07 1.25356e-06 7.7486e-07
0 0 268 -2.72691e-06 -4.88013e-07 1.25356e-06 7.7486e-07
0 0 269 -2.72691e-06 -4.88013e-07 1.25356e-06 7.7486e-07
0 0 270 -2.72691e-06 -4.88013e-07 1.25356e-06 7.7486e-07
0 0 271 -2.72691e-06 -4.88013e-07 1.25356e-06 -1.2368e-06
0 0 272 -2.72691e-06 -4.88013e-07 1.25356e-06 -1.2368e-06
0 0 273 -2.72691e-06 -4.88013e-07 1.25356e-06 -1.2368e-06
0 0 274 -2.72691e-06 -4.88013e-07 1.25356e-06 -1.2368e-06
0 0 275 -2.72691e-06 -4.88013e-07 1.25356e-06 -1.2368e-06
0 0 276 -2.72691e-06 -4.88013e-07 1.25356e-06 -1.2368e-06
0 0 277 -2.72691e-06 -4.88013e-07 1.25356e-06 -1.2368e-06
0 0 278 -2.72691e-06 -4.88013e-07 1.25356e-06 -1.2368e-06
0 0 279 -2.72691e-06 -4.88013e-07 -3.13669e-06 -1.2368e-06
0 0 280 -2.72691e-06 -4.88013e-07 -3.13669e-06 -1.2368e-06
0 0 281 -2.72691e-06 -4.88013e-07 -3.13669e-06 -1.2368e-06
0 0 282 -2.72691e-06 -4.88013e-07 -3.13669e-06 -1.2368e-06
0 0 283 -2.72691e-06 -4.88013e-07 -3.13669e-06 -1.2368e-06
0 0 284 -2.72691e-06 -4.88013e-07 -3.13669e-06 -1.2368e-06
0 0 285 -2.72691e-06 -6.48573e-06 -3.13669e-06 -1.2368e-06
0 0 286 -2.72691e-06 -6.48573e-06 -3.13669e-06 -1.2368e-06
0 0 287 -2.72691e-06 -6.48573e-06 -3.13669e-06 -1.2368e-06
0 0 288 -2.72691e-06 -6.48573e-06 -3.13669e-06 -1.2368e-06
0 0 289 -2.72691e-06 -6.48573e-06 -3.13669e-06 -1.2368e-06
0 0 290 -2.72691e-06 -6.48573e-06 -3.13669e-06 -1.2368e-06
0 0 291 -2.72691e-06 -4.88013e-07 -3.13669e-06 -1.2368e-06
0 0 292 -2.72691e-06 -6.48573e-06 -3.13669e-06 -1.2368e-06
0 0 293 -2.72691e-06 -6.48573e-06 -3.13669e-06 -1.2368e-06
0 0 294 -2.72691e-06 -6.48573e-06 -3.13669e-06 -1.2368e-06
0 0 295 -1.14068e-05 -6.48573e-06 1.25356e-06 -1.2368e-06
0 0 296 -1.14068e-05 -1.24834e-05 1.25356e-06 -1.2368e-06
0 0 297 -1.14068e-05 -1.24834e-05 1.25356e-06 -1.2368e-06
0 0 298 -1.14068e-05 -1.24834e-05 1.25356e-06 -1.2368e-06
0 0 299 -1.14068e-05 -1.24834e-05 1.25356e-06 -1.2368e-06
0 0 300 -1.14068e-05 -1.69799e-05 1.25356e-06 -1.2368e-06
0 0 301 -2.72691e-06 -1.69799e-05 1.25356e-06 -3.24845e-06
0 0 302 -1.14068e-05 -1.69799e-05 1.25356e-06 -3.24845e-06
0 0 303 -1.14068e-05 -1.69799e-05 1.25356e-06 -3.24845e-06
0 0 304 -1.14068e-05 -1.69799e-05 1.25356e-06 -3.24845e-06
0 0 305 -1.14068e-05 -2.29776e-05 1.25356e-06 -3.24845e-06
0 0 306 -1.14068e-05 -2.29776e-05 1.25356e-06 -3.24845e-06
0 0 307 -2.00942e-05 -2.89716e-05 1.25356e-06 -3.24845e-06
0 0 308 -1.14068e-05 -2.89716e-05 4.54672e-06 -5.26011e-06
0 0 309 -2.00942e-05 -2.89716e-05 1.25356e-06 -5.26011e-06
0 0 310 -2.00942e-05 -3.49693e-05 4.54672e-06 -5.26011e-06
0 0 311 -3.1665e-05 -3.94657e-05 1.56462e-07 -7.27177e-06
0 0 312 -2.00942e-05 -3.94657e-05 -3.13669e-06 -7.27177e-06
0 0 313 -3.1665e-05 -4.54634e-05 1.56462e-07 -7.27177e-06
0 0 314 -3.1665e-05 -4.54634e-05 1.56462e-07 -9.28715e-06
0 0 315 -3.1665e-05 -6.19553e-05 1.56462e-07 -1.0293e-05
0 0 316 -4.03523e-05 -6.79493e-05 3.44962e-06 -1.0293e-05
0 0 317 -3.1665e-05 -6.19553e-05 3.44962e-06 -6.26594e-06
0 0 318 -5.19305e-05 -7.3947e-05 7.83987e-06 -8.28132e-06
0 0 319 -4.03523e-05 -8.44412e-05 1.56462e-07 -1.43163e-05
0 0 320 -5.19305e-05 -9.49353e-05 3.44962e-06 -1.23046e-05
0 0 321 -6.06105e-05 -0.000100929 3.44962e-06 -1.43163e-05
0 0 322 -6.06105e-05 -0.000106927 3.44962e-06 -1.63279e-05
0 0 323 -6.92904e-05 -0.000117421 -3.13669e-06 -2.639e-05
0 0 324 -6.92904e-05 -0.000129413 6.74278e-06 -1.83396e-05
0 0 325 -8.08686e-05 -0.000139907 1.56462e-07 -2.13608e-05
0 0 326 -6.92904e-05 -0.000145905 6.74278e-06 -2.13608e-05
0 0 327 -0.000101127 -0.000156399 6.74278e-06 -2.53841e-05
0 0 328 -0.000109807 -0.000172887 1.56462e-07 -2.53841e-05
0 0 329 -0.000109807 -0.000207368 3.44962e-06 -2.84016e-05
0 0 330 -0.000130065 -0.000211865 3.44962e-06 -4.24869e-05
0 0 331 -0.000118494 -0.000217862 -3.13669e-06 -3.44366e-05
0 0 332 -0.000147432 -0.000273328 6.74278e-06 -4.24869e-05
0 0 333 -0.000147432 -0.00028532 -9.72301e-06 -5.15431e-05
0 0 334 -0.000179268 -0.00028982 -6.42985e-06 -4.34928e-05
0 0 335 -0.000196636 -0.000346784 1.00341e-05 -6.2611e-05
0 0 336 -0.000187948 -0.00034079 3.44962e-06 -5.55664e-05
0 0 337 -0.000216894 -0.000390258 1.56462e-07 -5.75781e-05
0 0 338 -0.000225574 -0.000361778 3.44962e-06 -5.55664e-05
0 0 339 -0.00025741 -0.000474211 3.44962e-06 -6.66343e-05
0 0 340 -0.00026609 -0.000496697 -1.63093e-05 -6.66343e-05
0 0 341 -0.000306606 -0.000507191 -2.94801e-05 -6.36168e-05
0 0 342 -0.000315294 -0.000574652 -9.72301e-06 -7.46809e-05
0 0 343 -0.00035581 -0.000646606 -1.96006e-05 -9.78224e-05
0 0 344 -0.00037317 -0.000759043 -4.92372e-05 -9.27933e-05
0 0 345 -0.000413693 -0.000836994 1.56462e-07 -0.000126999
0 0 346 -0.000442632 -0.00085948 2.43038e-05 -0.000143096
0 0 347 -0.000491828 -0.000902954 -3.27732e-05 -0.000160202
0 0 348 -0.000520773 -0.000925444 -3.60664e-05 -0.000137061
0 0 349 -0.000561289 -0.000991404 4.54672e-06 -0.000181329
0 0 350 -0.000627853 -0.00110833 -1.52104e-05 -0.000229623
0 0 351 -0.000619173 -0.00124175 -5.58235e-05 -0.000137061
0 0 352 -0.000665478 -0.00130922 -3.60664e-05 -0.000219561
0 0 353 -0.000795715 -0.00132421 -7.55806e-05 -0.000145111
0 0 354 -0.000844911 -0.00156107 -0.00010851 -0.000303067
0 0 355 -0.00101277 -0.00159255 -0.000138147 -0.000210505
0 0 356 -0.00106197 -0.001675 -5.91166e-05 -0.00024572
0 0 357 -0.00103882 -0.00180842 -0.000126071 -0.000336271
0 0 358 -0.00120667 -0.00200481 -0.000151318 -0.000268862
0 0 359 -0.00113432 -0.00213073 -0.000130463 -0.000283953
0 0 360 -0.00143241 -0.0021802 -6.42985e-06 -0.00043688
0 0 361 -0.00142084 -0.00233011 -7.99708e-05 -0.000457002
0 0 362 -0.00154818 -0.00272738 -0.000261081 -0.000561638
0 0 363 -0.00182601 -0.0028593 -0.000206199 -0.000553589
0 0 364 -0.00154239 -0.00300921 -0.000100827 -0.000383556
0 0 365 -0.00182022 -0.00345145 -0.000235835 -0.000640113
0 0 366 -0.00190705 -0.00325806 -0.00039609 -0.000383556
0 0 367 -0.00203439 -0.00360286 -0.000243519 -0.000545539
0 0 368 -0.0019794 -0.00362235 -0.000259984 -0.000424808
0 0 369 -0.00239615 -0.00393866 -0.000453167 -0.000528436
0 0 370 -0.00245403 -0.00414404 -0.000565127 -0.000652187
0 0 371 -0.00282738 -0.00528037 -0.000587078 -0.000714565
0 0 372 -0.00264215 -0.00510797 -0.000645254 -0.000806121
0 0 373 -0.00336857 -0.00534183 -0.000513537 -0.000715571
0 0 374 -0.00303575 -0.0060719 -0.00055415 -0.000866488
0 0 375 -0.00356826 -0.00582604 -0.00042353 -0.00110795
0 0 376 -0.00347276 -0.00651114 -0.000807703 -0.000879567
0 0 377 -0.00377664 -0.00626829 -0.000699038 -0.000866488
0 0 378 -0.0041905 -0.00748407 -0.000992106 -0.000740724
0 0 379 -0.0047288 -0.00786184 -0.00119297 -0.0010989
0 0 380 -0.00456673 -0.00746608 -0.00111724 -0.000871517
0 0 381 -0.00517449 -0.00816166 -0.00131591 -0.00107576
0 0 382 -0.00616428 -0.00815867 -0.00146299 -0.000934903
0 0 383 -0.00645369 -0.00885575 -0.00133018 -0.00161704
0 0 384 -0.00645369 -0.00981519 -0.00172862 -0.00170457
0 0 385 -0.00672573 -0.00948238 -0.0017352 -0.00120353
0 0 386 -0.0069862 -0.0116246 -0.00150251 -0.00163415
0 0 387 -0.00720326 -0.0131102 -0.000997594 -0.00204564
0 0 388 -0.00749556 -0.0122842 -0.00157714 -0.00172067
0 0 389 -0.00709618 -0.0122003 -0.00300407 -0.000178311
0 0 390 -0.00843614 -0.0142481 -0.00250684 -0.00123372
0 0 391 -0.00942593 -0.0124611 -0.00244537 -0.00168747
0 0 392 -0.00883264 -0.0153019 -0.00304797 -0.00131823
0 0 393 -0.0104533 -0.014419 -0.00439807 -0.000307094
0 0 394 -0.0102421 -0.0170244 -0.0022017 -0.00215329
0 0 395 -0.0107862 -0.0165717 -0.00190205 -0.00324794
0 0 396 -0.0118425 -0.0190377 -0.00282845 -0.00172369
0 0 397 -0.0134372 -0.0169705 -0.0042444 -0.00300446
0 0 398 -0.0132201 -0.0163843 -0.00390194 -0.00186152
0 0 399 -0.0141288 -0.0191801 -0.0035452 -0.0029451
0 0 400 -0.0161952 -0.021054 -0.00545289 -0.00257888
0 0 401 -0.0160187 -0.0207872 -0.00545948 -0.000866488
0 0 402 -0.015573 -0.0208921 -0.00425867 -0.00349745
0 0 403 -0.0166207 -0.0276891 -0.00598305 -0.00122667
0 0 404 -0.0160361 -0.0225127 -0.00698739 1.68718e-05
0 0 405 -0.0174166 -0.0244166 -0.0052191 -0.00150536
0 0 406 -0.0177378 -0.0242262 -0.00652967 -0.00247525
0 0 407 -0.0217548 -0.0234871 -0.0075823 -0.00203759
0 0 408 -0.0203309 -0.0257358 -0.00796977 0.000521939
0 0 409 -0.0227417 -0.0231813 -0.00533764 -0.00255674
0 0 410 -0.023691 -0.0298763 -0.00695885 -0.00278312
0 0 411 -0.0241888 -0.0254824 -0.00606318 -0.00334352
0 0 412 -0.0224957 -0.0294071 -0.00798733 0.000522945
0 0 413 -0.02339 -0.0294701 -0.00685677 0.0011095
0 0 414 -0.0238617 -0.0317052 -0.00828918 -0.00390392
0 0 415 -0.030715 -0.0333858 -0.0129036 -3.84636e-05
0 0 416 -0.0281161 -0.0295615 -0.00825076 0.000972673
0 0 417 -0.0317945 -0.0340693 -0.0119289 -0.00188668
0 0 418 -0.0338059 -0.0287235 -0.00787428 -0.00192692
0 0 419 -0.0372498 -0.0419427 -0.0189845 -0.00355782
0 0 420 -0.0368186 -0.0425738 -0.0104504 0.000382088
0 0 421 -0.0319623 -0.0280669 -0.00902569 -0.00063307
0 0 422 -0.0339592 -0.0337395 -0.010817 0.00481398
0 0 423 -0.0375885 -0.0349913 -0.00903887 0.000516906
0 0 424 -0.0383409 -0.0359372 -0.0146664 0.00191036
0 0 425 -0.0386911 -0.0295615 -0.0106513 0.00666421
0 0 426 -0.0398487 -0.0266068 -0.0127456 0.00167091
0 0 427 -0.0485311 -0.0511847 -0.016584 0.00354427
0 0 428 -0.0505859 -0.0484054 -0.020136 0.0051148
0 0 429 -0.0459669 -0.0437521 -0.0183655 0.00711695
0 0 430 -0.0411656 -0.0270025 -0.010018 0.00137008
0 0 431 -0.0571208 -0.0396296 -0.0202238 0.00257841
0 0 432 -0.0504093 -0.0458674 -0.0176542 0.00708073
0 0 433 -0.0505106 -0.0292002 -0.0181569 0.00184396
0 0 434 -0.0624257 -0.0336121 -0.0125809 -0.00364132
0 0 435 -0.056186 -0.0335597 -0.0169803 0.0104995
0 0 436 -0.0509679 -0.04568 -0.0179242 0.00880319
0 0 437 -0.0553554 -0.0309662 -0.0104888 0.00199286
0 0 438 -0.0474139 -0.0231438 -0.00991807 0.00689762
0 0 439 -0.0621681 -0.0286171 -0.0115909 0.0146346
0 0 440 -0.0620755 -0.0285226 -0.0211074 0.00693183
0 0 441 -0.0712845 -0.0195639 -0.00914424 0.010416
0 0 442 -0.0682196 -0.0267762 -0.00409402 0.0139816
0 0 443 -0.0649609 -0.0317097 -0.0077711 0.0104532
0 0 444 -0.0648625 -0.0284537 -0.0152811 0.00396785
0 0 445 -0.0525105 -0.0232472 -0.00380644 0.0128749
0 0 446 -0.0618468 -0.0186675 -0.00562961 0.01701
0 0 447 -0.0601046 -0.0189103 -0.00112272 0.0127682
0 0 448 -0.0592277 -0.0188339 -0.00992027 0.0116515
0 0 449 -0.0655513 -0.0290173 -0.00839016 0.022946
0 0 450 -0.0945097 -0.0254869 -0.0107391 0.0237891
0 0 451 -0.0828407 -0.00250101 -0.0121737 0.0286577
0 0 452 -0.0691776 -0.0324323 -0.00317859 0.014209
0 0 453 -0.0573176 -0.0129408 0.00407677 0.0227126
0 0 454 -0.0599744 -0.0138613 -0.00281089 0.0184879
0 0 455 -0.0763694 0.00138169 0.00788666 0.0197526
0 0 456 -0.0438339 0.00125277 0.0138808 0.0205726
0 0 457 -0.0694178 -0.0295795 0.00228104 0.0258154
0 0 458 -0.05706 0.0130748 0.0184799 0.015525
0 0 459 -0.056785 -0.00439139 0.0167731 0.0206662
0 0 460 -0.0683846 0.00416105 0.0160004 0.0258536
0 0 461 -0.0638206 -0.0128974 0.00706014 0.0342989
0 0 462 -0.0552801 -0.00603592 0.0223326 0.0137965
0 0 463 -0.0565217 -0.00781687 0.0246267 0.0191801
0 0 464 -0.0513268 -0.00487261 0.00404055 0.0308962
0 0 465 -0.0550399 -0.010896 0.026159 0.0158147
0 0 466 -0.0419065 -0.00942092 0.0178203 0.0138035
0 0 467 -0.0601943 -0.00734315 0.0135131 0.0108003
0 0 468 -0.0289004 0.012763 0.0209057 0.0145742
0 0 469 -0.0245852 0.00233813 0.0355921 0.00685839
0 0 470 -0.0515641 -0.00561167 0.0260064 0.0263989
0 0 471 -0.0560991 0.0100511 0.0330258 0.0138347
0 0 472 -0.0385985 0.00613988 0.0390771 0.0119865
0 0 473 -0.0304545 -0.00192235 0.0470525 0.00161054
0 0 474 -0.0271118 0.00486863 0.0392439 -0.000264835
0 0 475 -0.038885 -0.000415746 0.0249702 0.00814016
0 0 476 0.00218522 0.00285232 0.0357863 0.00189427
0 0 477 -0.00165816 0.00128725 0.0452952 0.000442456
0 0 478 0.0019479 -0.00179493 0.0389552 -0.00623305
0 0 479 0.0260732 -0.00983767 0.0395073 0.00504538
0 0 480 0.00569576 0.000330813 0.0281183 -0.00124076
0 0 481 -0.0118165 -6.0454e-05 0.0504935 -0.00225793
0 0 482 0.00713703 -0.00165701 0.0387993 0.00809891
0 0 483 0.0357366 -0.00795029 0.0210495 0.00449303
0 0 484 0.00181767 0.0121483 0.0401 0.00142441
0 0 485 -0.0125863 0.0111964 0.0299063 -0.00319663
0 0 486 0.0442047 -0.00395066 0.0313826 -0.00624915
0 0 487 0.00757115 0.00470972 0.0323606 -0.0235048
0 0 488 0.0121843 0.00668106 0.0399947 -0.0316362
0 0 489 0.0532112 -0.0107386 0.0364581 -0.0214504
0 0 490 0.047967 -0.0226356 0.0210418 -0.0247403
0 0 491 0.0610658 -0.0191307 0.0274575 -0.00871209
0 0 492 0.0459528 0.00648468 0.0225895 -0.0180457
0 0 493 0.0740805 -0.00723222 0.0141004 -0.00646546
0 0 494 0.0606548 -0.0050555 0.0236289 -0.025665
0 0 495 0.0531504 0.00594649 0.0137019 0.00173027
0 0 496 0.0498511 0.0191042 0.0162254 -0.0204765
0 0 497 0.0308716 0.00989366 0.0280645 -0.0188627
0 0 498 0.0746709 0.00397516 0.00992607 -0.027815
0 0 499 0.0778516 0.0175706 0.0155141 -0.0272103
0 0 500 0.0614941 0.00117781 0.0049461 -0.01825
0 0 501 0.0422194 0.0163054 0.0130631 -0.00878453
0 0 502 0.0861663 0.0194565 0.00564968 -0.0142618
0 0 503 0.0625418 0.00857894 -0.0102342 -0.0125101
0 0 504 0.0628861 0.0131932 0.00872196 -0.0217683
0 0 505 0.0707465 0.013475 -0.00151458 -0.00823319
0 0 506 0.0690188 0.00903017 0.00161917 -0.0305808
0 0 507 0.0951554 0.00600496 0.00101547 -0.0292095
0 0 508 0.0556335 0.0167191 -0.00405012 -0.0267012
0 0 509 0.0716929 0.0173967 -0.00872275 -0.0218548
0 0 510 0.076665 0.0277181 -0.00853944 -0.0190106
0 0 511 0.0409633 0.0170354 -0.00310725 -0.0111318
0 0 512 0.0610108 0.0275127 -0.000321452 -0.00605698
0 0 513 0.0640641 0.0248623 -0.0109037 -0.0199935
0 0 514 0.0734583 0.0225822 -0.00934291 -0.0145314
0 0 515 0.0717913 0.0193905 -0.00453856 -0.01529
0 0 516 0.0654156 0.0257558 -0.0197112 -0.0162991
0 0 517 0.0636415 0.0226826 -0.0162426 -0.0196726
0 0 518 0.0721212 0.0289939 -0.0190691 -0.0164219
0 0 519 0.0481812 0.0290523 -0.00875348 -0.0065872
0 0 520 0.0517728 0.0267047 -0.0121693 -0.0129921
0 0 521 0.0559432 0.0367623 -0.0123976 -0.0123632
0 0 522 0.0526439 0.0309577 -0.000760505 -0.00272979
0 0 523 0.0615578 0.0329095 -0.00668005 -0.00353669
0 0 524 0.057781 0.0418593 -0.0149738 -0.0102454
0 0 525 0.0626373 0.0386302 -0.0214399 -0.00224988
0 0 526 0.0533819 0.0334747 -0.0081882 -0.00336163
0 0 527 0.0515471 0.0470597 -0.0208384 -0.00602881
0 0 528 0.0510464 0.0401293 -0.016089 -0.00860142
0 0 529 0.0442163 0.0442533 -0.0195904 -2.53841e-05
0 0 530 0.0432902 0.031361 -0.00661968 -0.00661034
0 0 531 0.0401587 0.0342198 -0.0127533 -0.00320769
0 0 532 0.0485256 0.0369871 -0.0165171 -0.0044281
0 0 533 0.0366627 0.0234666 -0.0114657 -0.00461926
0 0 534 0.0375599 0.0208252 -0.0112363 0.00150289
0 0 535 0.0414611 0.037149 -0.0178638 -0.00295315
0 0 536 0.0406739 0.0394892 -0.0141484 0.00184999
0 0 537 0.0310134 0.0348164 -0.0111891 -0.000427825
0 0 538 0.0330971 0.0377082 -0.0140287 0.00672357
0 0 539 0.0378464 0.0403242 -0.00854603 0.000377059
0 0 540 0.0352301 0.0352901 -0.0148047 0.00174939
0 0 541 0.0314099 0.0299998 -0.00839455 0.000833832
0 0 542 0.0294564 0.0331659 -0.0126413 -0.00132829
0 0 543 0.0308976 0.038053 -0.0134547 -0.000289988
0 0 544 0.0281945 0.0298124 -0.00590292 -0.00125887
0 0 545 0.0253583 0.0284992 -0.0114822 -0.00162207
0 0 546 0.0267735 0.0275067 -0.00764158 0.00260256
0 0 547 0.0285852 0.0318767 -0.00992356 0.00330382
0 0 548 0.020392 0.0304255 -0.00318189 0.00479788
0 0 549 0.0261281 0.0275907 -0.00783805 0.0024446
0 0 550 0.0242614 0.0261785 -0.00566364 0.00200494
0 0 551 0.0210258 0.0287645 -0.00663614 0.00239329
0 0 552 0.0196482 0.024483 -0.00527069 0.00138417
0 0 553 0.0174458 0.0227081 -0.00676347 -0.000618985
0 0 554 0.0172982 0.0231683 -0.00841541 -0.00049624
0 0 555 0.015828 0.0238999 -0.00542326 0.00200494
0 0 556 0.0141494 0.0263015 -0.00597976 0.00423145
0 0 557 0.0154344 0.0209181 -0.00541118 0.00143347
0 0 558 0.0167918 0.0214818 -0.00610379 0.00310159
0 0 559 0.0128182 0.017749 -0.00381961 0.000620537
0 0 560 0.0142421 0.0197488 -0.00378559 0.00193149
0 0 561 0.0148874 0.0187324 -0.00430587 0.00259149
0 0 562 0.0118544 0.0163743 -0.00286028 0.0027243
0 0 563 0.0105492 0.0175871 -0.00351557 0.0012735
0 0 564 0.0107691 0.0178794 -0.00337836 0.00191841
0 0 565 0.0107026 0.0159321 -0.00311054 0.00225043
0 0 566 0.00965779 0.0131782 -0.00054976 0.00344065
0 0 567 0.00892848 0.0147163 -0.00395133 0.000860997
0 0 568 0.00951309 0.013517 -0.00150251 0.00123124
0 0 569 0.00880114 0.0132397 -0.00146738 0.00189829
0 0 570 0.00766955 0.0130613 -0.00176374 0.00227357
0 0 571 0.00770716 0.011895 -0.00200412 0.00205524
0 0 572 0.00761455 0.0116057 -0.00231915 0.000894196
0 0 573 0.0061212 0.0104094 -0.00206559 0.00123225
0 0 574 0.0056292 0.0101005 -0.00200303 0.0013228
0 0 575 0.00648296 0.00998361 -0.00196571 0.0014556
0 0 576 0.0058752 0.00980821 -0.00139165 0.00147774
0 0 577 0.00561473 0.00990266 -0.00139494 0.00100084
0 0 578 0.00504459 0.00869437 -0.00124237 0.00126645
0 0 579 0.00465968 0.00892673 -0.00138396 0.001357
0 0 580 0.00423135 0.00681898 -0.000453167 0.0012564
0 0 581 0.00388695 0.00690443 -0.000858195 0.000655748
0 0 582 0.00404034 0.00663309 -0.00131042 0.00101292
0 0 583 0.00340942 0.0061039 -0.000795629 0.00080264
0 0 584 0.00352518 0.00579958 -0.000525611 0.000741269
0 0 585 0.00326182 0.00575461 -0.00044219 0.000758372
0 0 586 0.00323577 0.00542181 -0.00051244 0.000992794
0 0 587 0.00330234 0.0056002 -0.000283035 0.00100185
0 0 588 0.00268879 0.00428697 -0.000388406 0.000615504
0 0 589 0.00235307 0.00456581 -0.000670498 0.000457548
0 0 590 0.00230967 0.00406661 -0.000455363 0.000954561
0 0 591 0.00229519 0.00359438 -0.000364259 0.00052093
0 0 592 0.00208103 0.00332754 -0.000312669 0.000252303
0 0 593 0.00195947 0.00303672 -0.000449874 0.000587333
0 0 594 0.001945 0.00290479 -0.000259984 0.000636633
0 0 595 0.00174531 0.00286881 -0.000200711 0.0004666
0 0 596 0.00151089 0.00265744 -0.000257788 0.000222117
0 0 597 0.0012591 0.00250753 -0.000169978 0.000373036
0 0 598 0.00129383 0.00252252 -0.000263276 0.000352912
0 0 599 0.00119543 0.00228416 -0.000139244 0.000306632
0 0 600 0.00114045 0.00214774 -0.00014583 0.000182882
0 0 601 0.00122148 0.00213425 -4.81401e-05 0.000403218
0 0 602 0.00101889 0.00189589 -7.11903e-05 0.000327758
0 0 603 0.00105651 0.00169651 -9.42405e-05 0.000317696
0 0 604 0.000824988 0.00160506 -3.13669e-06 0.000250291
0 0 605 0.00080473 0.00140718 -3.27732e-05 0.000186905
0 0 606 0.000732377 0.0013772 -9.09474e-05 0.000209037
0 0 607 0.000720799 0.00118531 -4.04567e-05 0.000265382
0 0 608 0.000602141 0.00122279 -5.36274e-05 0.000145655
0 0 609 0.000610821 0.00101891 3.44962e-06 0.000115473
0 0 610 0.000550047 0.000972435 -4.37498e-05 0.000181872
0 0 611 0.00050953 0.000937954 -2.28938e-05 0.000148673
0 0 612 0.000437178 0.000970937 -4.7043e-05 0.000145655
0 0 613 0.000405341 0.000824023 -4.92372e-05 9.93721e-05
0 0 614 0.000396661 0.000671115 4.54672e-06 9.4343e-05
0 0 615 0.000364825 0.000665117 -4.92372e-05 8.62926e-05
0 0 616 0.000356145 0.00057517 -1.19172e-05 7.62343e-05
0 0 617 0.000304051 0.000551183 4.54672e-06 7.62343e-05
0 0 618 0.000283793 0.000483725 -3.27732e-05 7.92518e-05
0 0 619 0.000292473 0.000506211 2.10106e-05 8.12635e-05
0 0 620 0.000251956 0.00045374 1.25356e-06 6.91898e-05
0 0 621 0.00021144 0.000398275 -5.33275e-06 7.62343e-05
0 0 622 0.00021144 0.000380285 -2.0396e-06 6.31548e-05
0 0 623 0.00021144 0.000351802 1.1133e-05 4.40367e-05
0 0 624 0.000170916 0.000300832 7.83987e-06 5.00754e-05
0 0 625 0.000141978 0.00030683 1.1133e-05 4.10192e-05
0 0 626 0.000150658 0.000260357 7.83987e-06 4.10192e-05
0 0 627 0.000150658 0.00025586 -2.0396e-06 3.29688e-05
0 0 628 0.0001304 0.000227377 -1.19172e-05 3.39784e-05
0 0 629 0.000110142 0.000215381 4.54672e-06 3.80017e-05
0 0 630 0.000101462 0.000192896 1.25356e-06 3.39784e-05
0 0 631 0.000101462 0.000186898 -5.33275e-06 3.09572e-05
0 0 632 8.98838e-05 0.000158418 1.1133e-05 1.68718e-05
0 0 633 8.12039e-05 0.00015242 4.54672e-06 2.89455e-05
0 0 634 6.96257e-05 0.000141926 4.54672e-06 2.29105e-05
0 0 635 6.96257e-05 0.000117939 -2.0396e-06 1.38544e-05
0 0 636 6.96257e-05 0.000113443 1.25356e-06 1.5866e-05
0 0 637 5.80475e-05 9.54531e-05 1.25356e-06 1.5866e-05
0 0 638 4.93675e-05 9.54531e-05 4.54672e-06 1.5866e-05
0 0 639 4.93675e-05 8.4959e-05 7.83987e-06 9.83104e-06
0 0 640 4.06876e-05 7.29673e-05 7.83987e-06 7.81938e-06
0 0 641 3.77893e-05 6.69695e-05 4.54672e-06 9.83104e-06
0 0 642 2.91094e-05 6.24731e-05 1.25356e-06 7.81938e-06
0 0 643 2.91094e-05 5.64754e-05 1.25356e-06 7.81938e-06
0 0 644 3.77893e-05 5.04814e-05 1.25356e-06 9.83104e-06
0 0 645 2.91094e-05 4.44837e-05 4.54672e-06 9.83104e-06
0 0 646 1.75312e-05 4.44837e-05 1.25356e-06 4.79817e-06
0 0 647 2.91094e-05 3.8486e-05 4.54672e-06 6.81356e-06
0 0 648 1.75312e-05 3.39895e-05 1.25356e-06 4.79817e-06
0 0 649 1.75312e-05 2.79918e-05 1.25356e-06 4.79817e-06
0 0 650 8.85129e-06 2.79918e-05 1.25356e-06 4.79817e-06
0 0 651 8.85129e-06 2.19978e-05 1.25356e-06 2.78652e-06
0 0 652 1.75312e-05 2.79918e-05 1.25356e-06 4.79817e-06
0 0 653 8.85129e-06 1.60001e-05 1.25356e-06 7.7486e-07
0 0 654 8.85129e-06 2.19978e-05 1.25356e-06 2.78652e-06
0 0 655 8.85129e-06 1.60001e-05 1.25356e-06 2.78652e-06
0 0 656 8.85129e-06 1.60001e-05 -2.0396e-06 7.7486e-07
0 0 657 -2.72691e-06 1.00024e-05 -2.0396e-06 7.7486e-07
0 0 658 -2.72691e-06 1.60001e-05 1.25356e-06 2.78652e-06
0 0 659 8.85129e-06 1.00024e-05 1.25356e-06 2.78652e-06
0 0 660 8.85129e-06 1.00024e-05 1.25356e-06 2.78652e-06
0 0 661 8.85129e-06 5.50598e-06 1.25356e-06 7.7486e-07
0 0 662 8.85129e-06 1.00024e-05 1.25356e-06 7.7486e-07
0 0 663 8.85129e-06 1.00024e-05 1.25356e-06 7.7486e-07
0 0 664 -2.72691e-06 5.50598e-06 1.25356e-06 7.7486e-07
0 0 665 -2.72691e-06 5.50598e-06 1.25356e-06 7.7486e-07
0 0 666 -2.72691e-06 5.50598e-06 1.25356e-06 7.7486e-07
0 0 667 -2.72691e-06 -4.88013e-07 1.25356e-06 7.7486e-07
0 0 668 -2.72691e-06 -4.88013e-07 1.25356e-06 7.7486e-07
0 0 669 -2.72691e-06 5.50598e-06 1.25356e-06 7.7486e-07
0 0 670 -2.72691e-06 5.50598e-06 1.25356e-06 -1.2368e-06
0 0 671 -2.72691e-06 5.50598e-06 1.25356e-06 -1.2368e-06
0 0 672 -2.72691e-06 5.50598e-06 1.25356e-06 -1.2368e-06
0 0 673 -2.72691e-06 5.50598e-06 1.25356e-06 -1.2368e-06
0 0 674 -2.72691e-06 5.50598e-06 1.25356e-06 -1.2368e-06
0 0 675 -2.72691e-06 -4.88013e-07 1.25356e-06 -1.2368e-06
0 0 676 -2.72691e-06 -4.88013e-07 1.25356e-06 -1.2368e-06
0 0 677 -2.72691e-06 -4.88013e-07 1.25356e-06 -1.2368e-06
0 0 678 -2.72691e-06 -4.88013e-07 1.25356e-06 -1.2368e-06
0 0 679 -2.72691e-06 -4.88013e-07 1.25356e-06 -1.2368e-06
0 0 680 -2.72691e-06 -4.88013e-07 1.25356e-06 -1.2368e-06
0 0 681 -2.72691e-06 -4.88013e-07 1.25356e-06 -1.2368e-06
0 0 682 -2.72691e-06 -4.88013e-07 1.25356e-06 -1.2368e-06
0 0 683 -2.72691e-06 -4.88013e-07 1.25356e-06 7.7486e-07
0 0 684 -2.72691e-06 -4.88013e-07 1.25356e-06 7.7486e-07
0 0 685 -2.72691e-06 -4.88013e-07 1.25356e-06 7.7486e-07
0 0 686 -2.72691e-06 -4.88013e-07 1.25356e-06 7.7486e-07
0 0 687 -2.72691e-06 -4.88013e-07 1.25356e-06 7.7486e-07
0 0 688 -2.72691e-06 -4.88013e-07 1.25356e-06 7.7486e-07
0 0 689 -2.72691e-06 -4.88013e-07 1.25356e-06 7.7486e-07
0 0 690 -2.72691e-06 -4.88013e-07 1.25356e-06 7.7486e-07
0 0 691 -2.72691e-06 -4.88013e-07 1.25356e-06 7.7486e-07
0 0 692 -2.72691e-06 -4.88013e-07 1.25356e-06 7.7486e-07
0 0 693 -2.72691e-06 -4.88013e-07 1.25356e-06 7.7486e-07
0 0 694 -2.72691e-06 -4.88013e-07 1.25356e-06 7.7486e-07
0 0 695 -2.72691e-06 -4.88013e-07 1.25356e-06 7.7486e-07
0 0 696 -2.72691e-06 -4.88013e-07 1.25356e-06 7.7486e-07
0 0 697 -2.72691e-06 -4.88013e-07 1.25356e-06 7.7486e-07
0 0 698 -2.72691e-06 -4.88013e-07 1.25356e-06 7.7486e-07
0 0 699 -2.72691e-06 -4.88013e-07 1.25356e-06 7.7486e-07
0 0 700 -2.72691e-06 -4.88013e-07 1.25356e-06 7.7486e-07
0 0 701 -2.72691e-06 -4.88013e-07 1.25356e-06 7.7486e-07
0 0 702 -2.72691e-06 -4.88013e-07 1.25356e-06 7.7486e-07
0 0 703 -2.72691e-06 -4.88013e-07 1.25356e-06 7.7486e-07
0 0 704 -2.72691e-06 -4.88013e-07 1.25356e-06 7.7486e-07
0 0 705 -2.72691e-06 -4.88013e-07 1.25356e-06 7.7486e-07
0 0 706 -2.72691e-06 -4.88013e-07 1.25356e-06 7.7486e-07
0 0 707 -2.72691e-06 -4.88013e-07 1.25356e-06 7.7486e-07
0 0 708 -2.72691e-06 -4.88013e-07 1.25356e-06 7.7486e-07
0 0 709 -2.72691e-06 -4.88013e-07 1.25356e-06 7.7486e-07
0 0 710 -2.72691e-06 -4.88013e-07 1.25356e-06 7.7486e-07
0 0 711 -2.72691e-06 -4.88013e-07 1.25356e-06 7.7486e-07
0 0 712 -2.72691e-06 -4.88013e-07 1.25356e-06 7.7486e-07
0 0 713 -2.72691e-06 -4.88013e-07 1.25356e-06 7.7486e-07
0 0 714 -2.72691e-06 -4.88013e-07 1.25356e-06 7.7486e-07
0 0 715 -2.72691e-06 -4.88013e-07 1.25356e-06 7.7486e-07
0 0 716 -2.72691e-06 -4.88013e-07 1.25356e-06 7.7486e-07
0 0 717 -2.72691e-06 -4.88013e-07 1.25356e-06 7.7486e-07
0 0 718 -2.72691e-06 -4.88013e-07 1.25356e-06 7.7486e-07
0 0 719 -2.72691e-06 -4.88013e-07 1.25356e-06 7.7486e-07
0 0 720 -2.72691e-06 -4.88013e-07 1.25356e-06 7.7486e-07
0 0 721 -2.72691e-06 -4.88013e-07 1.25356e-06 7.7486e-07
0 0 722 -2.72691e-06 -4.88013e-07 1.25356e-06 7.7486e-07
0 0 723 -2.72691e-06 -4.88013e-07 1.25356e-06 7.7486e-07
0 0 724 -2.72691e-06 -4.88013e-07 1.25356e-06 7.7486e-07
0 0 725 -2.72691e-06 -4.88013e-07 1.25356e-06 7.7486e-07
0 0 726 -2.72691e-06 -4.88013e-07 1.25356e-06 7.7486e-07
0 0 727 -2.72691e-06 -4.88013e-07 1.25356e-06 7.7486e-07
0 0 728 -2.72691e-06 -4.88013e-07 1.25356e-06 7.7486e-07
0 0 729 -2.72691e-06 -4.88013e-07 1.25356e-06 7.7486e-07
0 0 730 -2.72691e-06 -4.88013e-07 1.25356e-06 7.7486e-07
0 0 731 -2.72691e-06 -4.88013e-07 1.25356e-06 7.7486e-07
0 0 732 -2.72691e-06 -4.88013e-07 1.25356e-06 7.7486e-07
0 0 733 -2.72691e-06 -4.88013e-07 1.25356e-06 7.7486e-07
0 0 734 -2.72691e-06 -4.88013e-07 1.25356e-06 7.7486e-07
0 0 735 -2.72691e-06 -4.88013e-07 1.25356e-06 7.7486e-07
0 0 736 -2.72691e-06 -4.88013e-07 1.25356e-06 7.7486e-07
0 0 737 -2.72691e-06 -4.88013e-07 1.25356e-06 7.7486e-07
0 0 738 -2.72691e-06 -4.88013e-07 1.25356e-06 7.7486e-07
0 0 739 -2.72691e-06 -4.88013e-07 1.25356e-06 7.7486e-07
0 0 740 -2.72691e-06 -4.88013e-07 1.25356e-06 7.7486e-07
0 0 741 -2.72691e-06 -4.88013e-07 1.25356e-06 7.7486e-07
0 0 742 -2.72691e-06 -4.88013e-07 1.25356e-06 7.7486e-07
0 0 743 -2.72691e-06 -4.88013e-07 1.25356e-06 7.7486e-07
0 0 744 -2.72691e-06 -4.88013e-07 1.25356e-06 7.7486e-07
0 0 745 -2.72691e-06 -4.88013e-07 1.25356e-06 7.7486e-07
0 0 746 -2.72691e-06 -4.88013e-07 1.25356e-06 7.7486e-07
0 0 747 -2.72691e-06 -4.88013e-07 1.25356e-06 7.7486e-07
0 0 748 -2.72691e-06 -4.88013e-07 1.25356e-06 7.7486e-07
0 0 749 -2.72691e-06 -4.88013e-07 1.25356e-06 7.7486e-07
0 0 750 -2.72691e-06 -4.88013e-07 1.25356e-06 7.7486e-07
0 0 751 -2.72691e-06 -4.88013e-07 1.25356e-06 7.7486e-07
0 0 752 -2.72691e-06 -4.88013e-07 1.25356e-06 7.7486e-07
0 0 753 -2.72691e-06 -4.88013e-07 1.25356e-06 7.7486e-07
0 0 754 -2.72691e-06 -4.88013e-07 1.25356e-06 7.7486e-07
0 0 755 -2.72691e-06 -4.88013e-07 1.25356e-06 7.7486e-07
0 0 756 -2.72691e-06 -4.88013e-07 1.25356e-06 7.7486e-07
0 0 757 -2.72691e-06 -4.88013e-07 1.25356e-06 7.7486e-07
0 0 758 -2.72691e-06 -4.88013e-07 1.25356e-06 7.7486e-07
0 0 759 -2.72691e-06 -4.88013e-07 1.25356e-06 7.7486e-07
0 0 760 -2.72691e-06 -4.88013e-07 1.25356e-06 7.7486e-07
0 0 761 -2.72691e-06 -4.88013e-07 1.25356e-06 7.7486e-07
0 0 762 -2.72691e-06 -4.88013e-07 1.25356e-06 7.7486e-07
0 0 763 -2.72691e-06 -4.88013e-07 1.25356e-06 7.7486e-07
0 0 764 -2.72691e-06 -4.88013e-07 1.25356e-06 7.7486e-07
0 0 765 -2.72691e-06 -4.88013e-07 1.25356e-06 7.7486e-07
0 0 766 -2.72691e-06 -4.88013e-07 1.25356e-06 7.7486e-07
0 0 767 -2.72691e-06 -4.88013e-07 1.25356e-06 7.7486e-07
0 0 768 -2.72691e-06 -4.88013e-07 1.25356e-06 7.7486e-07
0 0 769 -2.72691e-06 -4.88013e-07 1.25356e-06 7.7486e-07
0 0 770 -2.72691e-06 -4.88013e-07 1.25356e-06 7.7486e-07
0 0 771 -2.72691e-06 -4.88013e-07 1.25356e-06 7.7486e-07
0 0 772 -2.72691e-06 -4.88013e-07 1.25356e-06 7.7486e-07
0 0 773 -2.72691e-06 -4.88013e-07 1.25356e-06 7.7486e-07
0 0 774 -2.72691e-06 -4.88013e-07 1.25356e-06 7.7486e-07
0 0 775 -2.72691e-06 -4.88013e-07 1.25356e-06 7.7486e-07
0 0 776 -2.72691e-06 -4.88013e-07 1.25356e-06 7.7486e-07
0 0 777 -2.72691e-06 -4.88013e-07 1.25356e-06 7.7486e-07
0 0 778 -2.72691e-06 -4.88013e-07 1.25356e-06 7.7486e-07
0 0 779 -2.72691e-06 -4.88013e-07 1.25356e-06 7.7486e-07
0 0 780 -2.72691e-06 -4.88013e-07 1.25356e-06 7.7486e-07
0 0 781 -2.72691e-06 -4.88013e-07 1.25356e-06 7.7486e-07
0 0 782 -2.72691e-06 -4.88013e-07 1.25356e-06 7.7486e-07
0 0 783 -2.72691e-06 -4.88013e-07 1.25356e-06 7.7486e-07
0 0 784 -2.72691e-06 -4.88013e-07 1.25356e-06 7.7486e-07
0 0 785 -2.72691e-06 -4.88013e-07 1.25356e-06 7.7486e-07
0 0 786 -2.72691e-06 -4.88013e-07 1.25356e-06 7.7486e-07
0 0 787 -2.72691e-06 -4.88013e-07 1.25356e-06 7.7486e-07
0 0 788 -2.72691e-06 -4.88013e-07 1.25356e-06 7.7486e-07
0 0 789 -2.72691e-06 -4.88013e-07 1.25356e-06 7.7486e-07
0 0 790 -2.72691e-06 -4.88013e-07 1.25356e-06 7.7486e-07
0 0 791 -2.72691e-06 -4.88013e-07 1.25356e-06 7.7486e-07
0 0 792 -2.72691e-06 -4.88013e-07 1.25356e-06 7.7486e-07
0 0 793 -2.72691e-06 -4.88013e-07 1.25356e-06 7.7486e-07
0 0 794 -2.72691e-06 -4.88013e-07 1.25356e-06 7.7486e-07
0 0 795 -2.72691e-06 -4.88013e-07 1.25356e-06 7.7486e-07
0 0 796 -2.72691e-06 -4.88013e-07 1.25356e-06 7.7486e-07
0 0 797 -2.72691e-06 -4.88013e-07 1.25356e-06 7.7486e-07
0 0 798 -2.72691e-06 -4.88013e-07 1.25356e-06 7.7486e-07
0 0 799 -2.72691e-06 -4.88013e-07 1.25356e-06 7.7486e-07
0 0 800 -2.72691e-06 -4.88013e-07 1.25356e-06 7.7486e-07
0 0 801 -2.72691e-06 -4.88013e-07 1.25356e-06 7.7486e-07
0 0 802 -2.72691e-06 -4.88013e-07 1.25356e-06 7.7486e-07
0 0 803 -2.72691e-06 -4.88013e-07 1.25356e-06 7.7486e-07
0 0 804 -2.72691e-06 -4.88013e-07 1.25356e-06 7.7486e-07
0 0 805 -2.72691e-06 -4.88013e-07 1.25356e-06 7.7486e-07
0 0 806 -2.72691e-06 -4.88013e-07 1.25356e-06 7.7486e-07
0 0 807 -2.72691e-06 -4.88013e-07 1.25356e-06 7.7486e-07
0 0 808 -2.72691e-06 -4.88013e-07 1.25356e-06 7.7486e-07
0 0 809 -2.72691e-06 -4.88013e-07 1.25356e-06 7.7486e-07
0 0 810 -2.72691e-06 -4.88013e-07 1.25356e-06 7.7486e-07
0 0 811 -2.72691e-06 -4.88013e-07 1.25356e-06 7.7486e-07
0 0 812 -2.72691e-06 -4.88013e-07 1.25356e-06 7.7486e-07
0 0 813 -2.72691e-06 -4.88013e-07 1.25356e-06 7.7486e-07
0 0 814 -2.72691e-06 -4.88013e-07 1.25356e-06 7.7486e-07
0 0 815 -2.72691e-06 -4.88013e-07 1.25356e-06 7.7486e-07
0 0 816 -2.72691e-06 -4.88013e-07 1.25356e-06 7.7486e-07
0 0 817 -2.72691e-06 -4.88013e-07 1.25356e-06 7.7486e-07
0 0 818 -2.72691e-06 -4.88013e-07 1.25356e-06 7.7486e-07
0 0 819 -2.72691e-06 -4.88013e-07 1.25356e-06 7.7486e-07
0 0 820 -2.72691e-06 -4.88013e-07 1.25356e-06 7.7486e-07
0 0 821 -2.72691e-06 -4.88013e-07 1.25356e-06 7.7486e-07
0 0 822 -2.72691e-06 -4.88013e-07 1.25356e-06 7.7486e-07
0 0 823 -2.72691e-06 -4.88013e-07 1.25356e-06 7.7486e-07
0 0 824 -2.72691e-06 -4.88013e-07 1.25356e-06 7.7486e-07
0 0 825 -2.72691e-06 -4.88013e-07 1.25356e-06 7.7486e-07
0 0 826 -2.72691e-06 -4.88013e-07 1.25356e-06 7.7486e-07
0 0 827 -2.72691e-06 -4.88013e-07 1.25356e-06 7.7486e-07
0 0 828 -2.72691e-06 -4.88013e-07 1.25356e-06 7.7486e-07
0 0 829 -2.72691e-06 -4.88013e-07 1.25356e-06 7.7486e-07
0 0 830 -2.72691e-06 -4.88013e-07 1.25356e-06 7.7486e-07
0 0 831 -2.72691e-06 -4.88013e-07 1.25356e-06 7.7486e-07
0 0 832 -2.72691e-06 -4.88013e-07 1.25356e-06 7.7486e-07
0 0 833 -2.72691e-06 -4.88013e-07 1.25356e-06 7.7486e-07
0 0 834 -2.72691e-06 -4.88013e-07 1.25356e-06 7.7486e-07
0 0 835 -2.72691e-06 -4.88013e-07 1.25356e-06 7.7486e-07
0 0 836 -2.72691e-06 -4.88013e-07 1.25356e-06 7.7486e-07
0 0 837 -2.72691e-06 -4.88013e-07 1.25356e-06 7.7486e-07
0 0 838 -2.72691e-06 -4.88013e-07 1.25356e-06 7.7486e-07
0 0 839 -2.72691e-06 -4.88013e-07 1.25356e-06 7.7486e-07
0 0 840 -2.72691e-06 -4.88013e-07 1.25356e-06 7.7486e-07
0 0 841 -2.72691e-06 -4.88013e-07 1.25356e-06 7.7486e-07
0 0 842 -2.72691e-06 -4.88013e-07 1.25356e-06 7.7486e-07
0 0 843 -2.72691e-06 -4.88013e-07 1.25356e-06 7.7486e-07
0 0 844 -2.72691e-06 -4.88013e-07 1.25356e-06 7.7486e-07
0 0 845 -2.72691e-06 -4.88013e-07 1.25356e-06 7.7486e-07
0 0 846 -2.72691e-06 -4.88013e-07 1.25356e-06 7.7486e-07
0 0 847 -2.72691e-06 -4.88013e-07 1.25356e-06 7.7486e-07
0 0 848 -2.72691e-06 -4.88013e-07 1.25356e-06 7.7486e-07
0 0 849 -2.72691e-06 -4.88013e-07 1.25356e-06 7.7486e-07
0 0 850 -2.72691e-06 -4.88013e-07 1.25356e-06 7.7486e-07
0 0 851 -2.72691e-06 -4.88013e-07 1.25356e-06 7.7486e-07
0 0 852 -2.72691e-06 -4.88013e-07 1.25356e-06 7.7486e-07
0 0 853 -2.72691e-06 -4.88013e-07 1.25356e-06 7.7486e-07
0 0 854 -2.72691e-06 -4.88013e-07 1.25356e-06 7.7486e-07
0 0 855 -2.72691e-06 -4.88013e-07 1.25356e-06 7.7486e-07
0 0 856 -2.72691e-06 -4.88013e-07 1.25356e-06 7.7486e-07
0 0 857 -2.72691e-06 -4.88013e-07 1.25356e-06 7.7486e-07
0 0 858 -2.72691e-06 -4.88013e-07 1.25356e-06 7.7486e-07
0 0 859 -2.72691e-06 -4.88013e-07 1.25356e-06 7.7486e-07
0 0 860 -2.72691e-06 -4.88013e-07 1.25356e-06 7.7486e-07
0 0 861 -2.72691e-06 -4.88013e-07 1.25356e-06 7.7486e-07
0 0 862 -2.72691e-06 -4.88013e-07 1.25356e-06 7.7486e-07
0 0 863 -2.72691e-06 -4.88013e-07 1.25356e-06 7.7486e-07
0 0 864 -2.72691e-06 -4.88013e-07 1.25356e-06 7.7486e-07
0 0 865 -2.72691e-06 -4.88013e-07 1.25356e-06 7.7486e-07
0 0 866 -2.72691e-06 -4.88013e-07 1.25356e-06 7.7486e-07
0 0 867 -2.72691e-06 -4.88013e-07 1.25356e-06 7.7486e-07
0 0 868 -2.72691e-06 -4.88013e-07 1.25356e-06 7.7486e-07
0 0 869 -2.72691e-06 -4.88013e-07 1.25356e-06 7.7486e-07
0 0 870 -2.72691e-06 -4.88013e-07 1.25356e-06 7.7486e-07
0 0 871 -2.72691e-06 -4.88013e-07 1.25356e-06 7.7486e-07
0 0 872 -2.72691e-06 -4.88013e-07 1.25356e-06 7.7486e-07
0 0 873 -2.72691e-06 -4.88013e-07 1.25356e-06 7.7486e-07
0 0 874 -2.72691e-06 -4.88013e-07 1.25356e-06 7.7486e-07
0 0 875 -2.72691e-06 -4.88013e-07 1.25356e-06 7.7486e-07
0 0 876 -2.72691e-06 -4.88013e-07 1.25356e-06 7.7486e-07
0 0 877 -2.72691e-06 -4.88013e-07 1.25356e-06 7.7486e-07
0 0 878 -2.72691e-06 -4.88013e-07 1.25356e-06 7.7486e-07
0 0 879 -2.72691e-06 -4.88013e-07 1.25356e-06 7.7486e-07
0 0 880 -2.72691e-06 -4.88013e-07 1.25356e-06 7.7486e-07
0 0 881 -2.72691e-06 -4.88013e-07 1.25356e-06 7.7486e-07
0 0 882 -2.72691e-06 -4.88013e-07 1.25356e-06 7.7486e-07
0 0 883 -2.72691e-06 -4.88013e-07 1.25356e-06 7.7486e-07
0 0 884 -2.72691e-06 -4.88013e-07 1.25356e-06 7.7486e-07
0 0 885 -2.72691e-06 -4.88013e-07 1.25356e-06 7.7486e-07
0 0 886 -2.72691e-06 -4.88013e-07 1.25356e-06 7.7486e-07
0 0 887 -2.72691e-06 -4.88013e-07 1.25356e-06 7.7486e-07
0 0 888 -2.72691e-06 -4.88013e-07 1.25356e-06 7.7486e-07
0 0 889 -2.72691e-06 -4.88013e-07 1.25356e-06 7.7486e-07
0 0 890 -2.72691e-06 -4.88013e-07 1.25356e-06 7.7486e-07
0 0 891 -2.72691e-06 -4.88013e-07 1.25356e-06 7.7486e-07
0 0 892 -2.72691e-06 -4.88013e-07 1.25356e-06 7.7486e-07
0 0 893 -2.72691e-06 -4.88013e-07 1.25356e-06 7.7486e-07
0 0 894 -2.72691e-06 -4.88013e-07 1.25356e-06 7.7486e-07
0 0 895 -2.72691e-06 -4.88013e-07 1.25356e-06 7.7486e-07
0 0 896 -2.72691e-06 -4.88013e-07 1.25356e-06 7.7486e-07
0 0 897 -2.72691e-06 -4.88013e-07 1.25356e-06 7.7486e-07
0 0 898 -2.72691e-06 -4.88013e-07 1.25356e-06 7.7486e-07
0 0 899 -2.72691e-06 -4.88013e-07 1.25356e-06 7.7486e-07
0 0 900 -2.72691e-06 -4.88013e-07 1.25356e-06 7.7486e-07
0 0 901 -2.72691e-06 -4.88013e-07 1.25356e-06 7.7486e-07
0 0 902 -2.72691e-06 -4.88013e-07 1.25356e-06 7.7486e-07
0 0 903 -2.72691e-06 -4.88013e-07 1.25356e-06 7.7486e-07
0 0 904 -2.72691e-06 -4.88013e-07 1.25356e-06 7.7486e-07
0 0 905 -2.72691e-06 -4.88013e-07 1.25356e-06 7.7486e-07
0 0 906 -2.72691e-06 -4.88013e-07 1.25356e-06 7.7486e-07
0 0 907 -2.72691e-06 -4.88013e-07 1.25356e-06 7.7486e-07
0 0 908 -2.72691e-06 -4.88013e-07 1.25356e-06 7.7486e-07
0 0 909 -2.72691e-06 -4.88013e-07 1.25356e-06 7.7486e-07
0 0 910 -2.72691e-06 -4.88013e-07 1.25356e-06 7.7486e-07
0 0 911 -2.72691e-06 -4.88013e-07 1.25356e-06 7.7486e-07
0 0 912 -2.72691e-06 -4.88013e-07 1.25356e-06 7.7486e-07
0 0 913 -2.72691e-06 -4.88013e-07 1.25356e-06 7.7486e-07
0 0 914 -2.72691e-06 -4.88013e-07 1.25356e-06 7.7486e-07
0 0 915 -2.72691e-06 -4.88013e-07 1.25356e-06 7.7486e-07
0 0 916 -2.72691e-06 -4.88013e-07 1.25356e-06 7.7486e-07
0 0 917 -2.72691e-06 -4.88013e-07 1.25356e-06 7.7486e-07
0 0 918 -2.72691e-06 -4.88013e-07 1.25356e-06 7.7486e-07
0 0 919 -2.72691e-06 -4.88013e-07 1.25356e-06 7.7486e-07
0 0 920 -2.72691e-06 -4.88013e-07 1.25356e-06 7.7486e-07
0 0 921 -2.72691e-06 -4.88013e-07 1.25356e-06 7.7486e-07
0 0 922 -2.72691e-06 -4.88013e-07 1.25356e-06 7.7486e-07
0 0 923 -2.72691e-06 -4.88013e-07 1.25356e-06 7.7486e-07
0 0 924 -2.72691e-06 -4.88013e-07 1.25356e-06 7.7486e-07
0 0 925 -2.72691e-06 -4.88013e-07 1.25356e-06 7.7486e-07
0 0 926 -2.72691e-06 -4.88013e-07 1.25356e-06 7.7486e-07
0 0 927 -2.72691e-06 -4.88013e-07 1.25356e-06 7.7486e-07
0 0 928 -2.72691e-06 -4.88013e-07 1.25356e-06 7.7486e-07
0 0 929 -2.72691e-06 -4.88013e-07 1.25356e-06 7.7486e-07
0 0 930 -2.72691e-06 -4.88013e-07 1.25356e-06 7.7486e-07
0 0 931 -2.72691e-06 -4.88013e-07 1.25356e-06 7.7486e-07
0 0 932 -2.72691e-06 -4.88013e-07 1.25356e-06 7.7486e-07
0 0 933 -2.72691e-06 -4.88013e-07 1.25356e-06 7.7486e-07
0 0 934 -2.72691e-06 -4.88013e-07 1.25356e-06 7.7486e-07
0 0 935 -2.72691e-06 -4.88013e-07 1.25356e-06 7.7486e-07
0 0 936 -2.72691e-06 -4.88013e-07 1.25356e-06 7.7486e-07
0 0 937 -2.72691e-06 -4.88013e-07 1.25356e-06 7.7486e-07
0 0 938 -2.72691e-06 -4.88013e-07 1.25356e-06 7.7486e-07
0 0 939 -2.72691e-06 -4.88013e-07 1.25356e-06 7.7486e-07
0 0 940 -2.72691e-06 -4.88013e-07 1.25356e-06 7.7486e-07
0 0 941 -2.72691e-06 -4.88013e-07 1.25356e-06 7.7486e-07
0 0 942 -2.72691e-06 -4.88013e-07 1.25356e-06 7.7486e-07
0 0 943 -2.72691e-06 -4.88013e-07 1.25356e-06 7.7486e-07
0 0 944 -2.72691e-06 -4.88013e-07 1.25356e-06 7.7486e-07
0 0 945 -2.72691e-06 -4.88013e-07 1.25356e-06 7.7486e-07
0 0 946 -2.72691e-06 -4.88013e-07 1.25356e-06 7.7486e-07
0 0 947 -2.72691e-06 -4.88013e-07 1.25356e-06 7.7486e-07
0 0 948 -2.72691e-06 -4.88013e-07 1.25356e-06 7.7486e-07
0 0 949 -2.72691e-06 -4.88013e-07 1.25356e-06 7.7486e-07
0 0 950 -2.72691e-06 -4.88013e-07 1.25356e-06 7.7486e-07
0 0 951 -2.72691e-06 -4.88013e-07 1.25356e-06 7.7486e-07
0 0 952 -2.72691e-06 -4.88013e-07 1.25356e-06 7.7486e-07
0 0 953 -2.72691e-06 -4.88013e-07 1.25356e-06 7.7486e-07
0 0 954 -2.72691e-06 -4.88013e-07 1.25356e-06 -1.2368e-06
0 0 955 -2.72691e-06 -4.88013e-07 1.25356e-06 -1.2368e-06
0 0 956 -7.21887e-05 -1.24834e-05 -9.72301e-06 2.79397e-05
0 0 957 -0.000101127 -0.000147402 -3.27732e-05 9.53488e-05
0 0 958 -2.72691e-06 -4.88013e-07 1.25356e-06 7.7486e-07
0 0 959 -2.72691e-06 -4.88013e-07 1.25356e-06 7.7486e-07
0 0 960 -2.72691e-06 -4.88013e-07 1.25356e-06 7.7486e-07
0 0 961 -2.72691e-06 -4.88013e-07 1.25356e-06 7.7486e-07
0 0 962 0.000118822 7.29673e-05 2.10106e-05 -7.97138e-05
0 0 963 3.77893e-05 7.29673e-05 2.10106e-05 -3.24249e-05
0 0 964 -2.72691e-06 -4.88013e-07 1.25356e-06 7.7486e-07
0 0 965 -2.72691e-06 -4.88013e-07 1.25356e-06 7.7486e-07
0 0 966 -2.72691e-06 -4.88013e-07 1.25356e-06 7.7486e-07
0 0 967 -2.72691e-06 -4.88013e-07 1.25356e-06 7.7486e-07
0 0 968 -2.72691e-06 -4.88013e-07 1.25356e-06 7.7486e-07
0 0 969 -2.72691e-06 -4.88013e-07 1.25356e-06 7.7486e-07
0 0 970 -2.72691e-06 -4.88013e-07 1.25356e-06 7.7486e-07
0 0 971 -2.72691e-06 -4.88013e-07 1.25356e-06 7.7486e-07
0 0 972 -2.72691e-06 -4.88013e-07 1.25356e-06 7.7486e-07
0 0 973 -2.72691e-06 -4.88013e-07 1.25356e-06 7.7486e-07
0 0 974 -2.72691e-06 -4.88013e-07 1.25356e-06 7.7486e-07
0 0 975 -2.72691e-06 -4.88013e-07 1.25356e-06 7.7486e-07
0 0 976 -2.72691e-06 -4.88013e-07 1.25356e-06 7.7486e-07
0 0 977 -2.72691e-06 -4.88013e-07 1.25356e-06 7.7486e-07
0 0 978 -2.72691e-06 -4.88013e-07 1.25356e-06 7.7486e-07
0 0 979 -2.72691e-06 -4.88013e-07 1.25356e-06 7.7486e-07
0 0 980 -2.72691e-06 -4.88013e-07 1.25356e-06 7.7486e-07
0 0 981 -2.72691e-06 -4.88013e-07 1.25356e-06 7.7486e-07
0 0 982 -2.72691e-06 -4.88013e-07 1.25356e-06 7.7486e-07
0 0 983 -2.72691e-06 -4.88013e-07 1.25356e-06 7.7486e-07
0 0 984 -2.72691e-06 -4.88013e-07 1.25356e-06 7.7486e-07
0 0 985 -2.72691e-06 -4.88013e-07 1.25356e-06 7.7486e-07
0 0 986 -2.72691e-06 -4.88013e-07 1.25356e-06 7.7486e-07
0 0 987 -2.72691e-06 -4.88013e-07 1.25356e-06 7.7486e-07
0 0 988 -2.72691e-06 -4.88013e-07 1.25356e-06 7.7486e-07
0 0 989 -2.72691e-06 -4.88013e-07 1.25356e-06 7.7486e-07
0 0 990 -2.72691e-06 -4.88013e-07 1.25356e-06 7.7486e-07
0 0 991 -2.72691e-06 -4.88013e-07 1.25356e-06 7.7486e-07
0 0 992 -2.72691e-06 -4.88013e-07 1.25356e-06 7.7486e-07
0 0 993 -2.72691e-06 -4.88013e-07 1.25356e-06 7.7486e-07
0 0 994 -2.72691e-06 -4.88013e-07 1.25356e-06 7.7486e-07
0 0 995 -2.72691e-06 -4.88013e-07 1.25356e-06 7.7486e-07
0 0 996 -2.72691e-06 -4.88013e-07 1.25356e-06 7.7486e-07
0 0 997 -2.72691e-06 -4.88013e-07 1.25356e-06 7.7486e-07
0 0 998 -2.72691e-06 -4.88013e-07 1.25356e-06 7.7486e-07
0 0 999 -2.72691e-06 -4.88013e-07 1.25356e-06 7.7486e-07
0 0 1000 -2.72691e-06 -4.88013e-07 1.25356e-06 7.7486e-07
0 0 1001 -2.72691e-06 -4.88013e-07 1.25356e-06 7.7486e-07
0 0 1002 -2.72691e-06 -4.88013e-07 1.25356e-06 7.7486e-07
0 0 1003 -2.72691e-06 -4.88013e-07 1.25356e-06 7.7486e-07
0 0 1004 -2.72691e-06 -4.88013e-07 1.25356e-06 7.7486e-07
0 0 1005 -2.72691e-06 -4.88013e-07 1.25356e-06 7.7486e-07
0 0 1006 -2.72691e-06 -4.88013e-07 1.25356e-06 7.7486e-07
0 0 1007 -2.72691e-06 -4.88013e-07 1.25356e-06 7.7486e-07
0 0 1008 -2.72691e-06 -4.88013e-07 1.25356e-06 7.7486e-07
0 0 1009 -2.72691e-06 -4.88013e-07 1.25356e-06 7.7486e-07
0 0 1010 -2.72691e-06 -4.88013e-07 1.25356e-06 7.7486e-07
0 0 1011 -2.72691e-06 -4.88013e-07 1.25356e-06 7.7486e-07
0 0 1012 -2.72691e-06 -6.48573e-06 4.54672e-06 4.79817e-06
0 0 1013 -2.72691e-06 -4.88013e-07 1.25356e-06 7.7486e-07
0 0 1014 -2.72691e-06 -4.88013e-07 1.25356e-06 7.7486e-07
0 0 1015 -2.72691e-06 -4.88013e-07 1.25356e-06 7.7486e-07
0 0 1016 -2.72691e-06 -4.88013e-07 1.25356e-06 7.7486e-07
0 0 1017 -2.72691e-06 -4.88013e-07 1.25356e-06 -1.2368e-06
0 0 1018 -2.72691e-06 5.50598e-06 -3.13669e-06 -3.24845e-06
0 0 1019 -2.72691e-06 -4.88013e-07 -3.13669e-06 7.7486e-07
0 0 1020 -2.72691e-06 -4.88013e-07 1.25356e-06 7.7486e-07
0 0 1021 -2.72691e-06 -4.88013e-07 1.25356e-06 7.7486e-07
0 0 1022 -2.72691e-06 -4.88013e-07 1.25356e-06 7.7486e-07
0 0 1023 -2.72691e-06 -4.88013e-07 1.25356e-06 7.7486e-07
